# Blender v2.74 (sub 0) OBJ File: 'scaled-collision.blend'
# www.blender.org
mtllib model-collision.mtl
o 右スカートＦ４_Cube.066
v -0.257022 0.513694 -0.306082
v -0.194385 0.689219 -0.154862
v -0.279412 0.568254 -0.360137
v -0.216775 0.743778 -0.208917
v -0.050073 0.513694 -0.391803
v 0.012564 0.689219 -0.240583
v -0.072463 0.568254 -0.445858
v -0.009826 0.743778 -0.294638
vn -0.923900 -0.000000 0.382700
vn -0.279900 0.682000 -0.675700
vn 0.923900 -0.000000 -0.382700
vn 0.279900 -0.682000 0.675700
vn -0.261000 -0.731400 -0.630100
vn 0.261000 0.731400 0.630100
usemtl mmd_tools_rigid_6
s off
f 2//1 4//1 3//1 1//1
f 4//2 8//2 7//2 3//2
f 8//3 6//3 5//3 7//3
f 6//4 2//4 1//4 5//4
f 1//5 3//5 7//5 5//5
f 6//6 8//6 4//6 2//6
o 右スカートＦ３_Cube.065
v -0.210471 0.650050 -0.222427
v -0.168713 0.767067 -0.121613
v -0.223905 0.682786 -0.254860
v -0.182147 0.799803 -0.154046
v -0.033086 0.650050 -0.295902
v 0.008672 0.767067 -0.195089
v -0.046520 0.682786 -0.328335
v -0.004762 0.799803 -0.227521
vn -0.923900 0.000000 0.382700
vn -0.279900 0.682000 -0.675700
vn 0.923900 -0.000000 -0.382700
vn 0.279900 -0.682000 0.675700
vn -0.261000 -0.731400 -0.630100
vn 0.261000 0.731400 0.630100
usemtl mmd_tools_rigid_6
s off
f 10//7 12//7 11//7 9//7
f 12//8 16//8 15//8 11//8
f 16//9 14//9 13//9 15//9
f 14//10 10//10 9//10 13//10
f 9//11 11//11 15//11 13//11
f 14//12 16//12 12//12 10//12
o 右スカートＦ２_Cube.064
v -0.157136 0.751887 -0.164514
v -0.115377 0.868904 -0.063701
v -0.166092 0.773711 -0.186136
v -0.124333 0.890728 -0.085323
v -0.038879 0.751887 -0.213498
v 0.002879 0.868904 -0.112684
v -0.047835 0.773711 -0.235120
v -0.006077 0.890728 -0.134306
vn -0.923900 0.000000 0.382700
vn -0.279900 0.682000 -0.675700
vn 0.923900 -0.000000 -0.382700
vn 0.279900 -0.682000 0.675700
vn -0.261000 -0.731400 -0.630100
vn 0.261000 0.731400 0.630100
usemtl mmd_tools_rigid_6
s off
f 18//13 20//13 19//13 17//13
f 20//14 24//14 23//14 19//14
f 24//15 22//15 21//15 23//15
f 22//16 18//16 17//16 21//16
f 17//17 19//17 23//17 21//17
f 22//18 24//18 20//18 18//18
o 右スカートＦ_Cube.063
v -0.116343 0.848267 -0.095073
v -0.074585 0.965284 0.005740
v -0.125299 0.870091 -0.116695
v -0.083541 0.987108 -0.015882
v -0.027651 0.848267 -0.131811
v 0.014108 0.965284 -0.030997
v -0.036607 0.870091 -0.153433
v 0.005151 0.987108 -0.052619
vn -0.923900 -0.000000 0.382700
vn -0.279900 0.682000 -0.675700
vn 0.923900 -0.000000 -0.382700
vn 0.279900 -0.682000 0.675700
vn -0.261000 -0.731400 -0.630100
vn 0.261000 0.731400 0.630100
usemtl mmd_tools_rigid_6
s off
f 26//19 28//19 27//19 25//19
f 28//20 32//20 31//20 27//20
f 32//21 30//21 29//21 31//21
f 30//22 26//22 25//22 29//22
f 25//23 27//23 31//23 29//23
f 30//24 32//24 28//24 26//24
o 右スカートＥ４_Cube.062
v -0.420388 0.513694 -0.203188
v -0.304649 0.689219 -0.087449
v -0.461759 0.568253 -0.244559
v -0.346020 0.743778 -0.128820
v -0.261996 0.513694 -0.361580
v -0.146257 0.689219 -0.245841
v -0.303367 0.568253 -0.402951
v -0.187628 0.743778 -0.287212
vn -0.707100 0.000000 0.707100
vn -0.517100 0.682000 -0.517100
vn 0.707100 -0.000000 -0.707100
vn 0.517100 -0.682000 0.517100
vn -0.482200 -0.731400 -0.482200
vn 0.482200 0.731400 0.482200
usemtl mmd_tools_rigid_6
s off
f 34//25 36//25 35//25 33//25
f 36//26 40//26 39//26 35//26
f 40//27 38//27 37//27 39//27
f 38//28 34//28 33//28 37//28
f 33//29 35//29 39//29 37//29
f 38//30 40//30 36//30 34//30
o 右スカートＥ３_Cube.061
v -0.337119 0.650050 -0.139408
v -0.259960 0.767067 -0.062248
v -0.361942 0.682786 -0.164231
v -0.284782 0.799803 -0.087071
v -0.201354 0.650050 -0.275172
v -0.124195 0.767067 -0.198013
v -0.226177 0.682786 -0.299995
v -0.149018 0.799803 -0.222836
vn -0.707100 -0.000000 0.707100
vn -0.517100 0.682000 -0.517100
vn 0.707100 -0.000000 -0.707100
vn 0.517100 -0.682000 0.517100
vn -0.482200 -0.731400 -0.482200
vn 0.482200 0.731400 0.482200
usemtl mmd_tools_rigid_6
s off
f 42//31 44//31 43//31 41//31
f 44//32 48//32 47//32 43//32
f 48//33 46//33 45//33 47//33
f 46//34 42//34 41//34 45//34
f 41//35 43//35 47//35 45//35
f 46//36 48//36 44//36 42//36
o 右スカートＥ２_Cube.060
v -0.257554 0.751887 -0.102019
v -0.180395 0.868904 -0.024860
v -0.274103 0.773711 -0.118568
v -0.196944 0.890728 -0.041408
v -0.167045 0.751887 -0.192529
v -0.089885 0.868904 -0.115369
v -0.183593 0.773711 -0.209077
v -0.106434 0.890728 -0.131918
vn -0.707100 0.000000 0.707100
vn -0.517100 0.682000 -0.517100
vn 0.707100 -0.000000 -0.707100
vn 0.517100 -0.682000 0.517100
vn -0.482200 -0.731400 -0.482200
vn 0.482200 0.731400 0.482200
usemtl mmd_tools_rigid_6
s off
f 50//37 52//37 51//37 49//37
f 52//38 56//38 55//38 51//38
f 56//39 54//39 53//39 55//39
f 54//40 50//40 49//40 53//40
f 49//41 51//41 55//41 53//41
f 54//42 56//42 52//42 50//42
o 右スカートＥ_Cube.059
v -0.185166 0.848267 -0.049179
v -0.108007 0.965284 0.027980
v -0.201715 0.870091 -0.065728
v -0.124555 0.987108 0.011431
v -0.117284 0.848267 -0.117061
v -0.040125 0.965284 -0.039902
v -0.133833 0.870091 -0.133610
v -0.056673 0.987108 -0.056451
vn -0.707100 -0.000000 0.707100
vn -0.517100 0.682000 -0.517100
vn 0.707100 0.000000 -0.707100
vn 0.517100 -0.682000 0.517100
vn -0.482200 -0.731400 -0.482200
vn 0.482200 0.731400 0.482200
usemtl mmd_tools_rigid_6
s off
f 58//43 60//43 59//43 57//43
f 60//44 64//44 63//44 59//44
f 64//45 62//45 61//45 63//45
f 62//46 58//46 57//46 61//46
f 57//47 59//47 63//47 61//47
f 62//48 64//48 60//48 58//48
o 右スカートＤ４_Cube.058
v -0.447339 0.513694 -0.013849
v -0.296119 0.689219 0.048788
v -0.501394 0.568253 -0.036239
v -0.350174 0.743778 0.026398
v -0.361618 0.513694 -0.220798
v -0.210398 0.689219 -0.158161
v -0.415673 0.568253 -0.243188
v -0.264453 0.743778 -0.180551
vn -0.382700 0.000000 0.923900
vn -0.675700 0.682000 -0.279900
vn 0.382700 0.000000 -0.923900
vn 0.675700 -0.682000 0.279900
vn -0.630100 -0.731400 -0.261000
vn 0.630100 0.731400 0.261000
usemtl mmd_tools_rigid_6
s off
f 66//49 68//49 67//49 65//49
f 68//50 72//50 71//50 67//50
f 72//51 70//51 69//51 71//51
f 70//52 66//52 65//52 69//52
f 65//53 67//53 71//53 69//53
f 70//54 72//54 68//54 66//54
o 右スカートＤ３_Cube.057
v -0.356144 0.650050 0.010557
v -0.255330 0.767067 0.052315
v -0.388577 0.682786 -0.002877
v -0.287763 0.799803 0.038881
v -0.282669 0.650050 -0.166828
v -0.181855 0.767067 -0.125070
v -0.315101 0.682786 -0.180262
v -0.214288 0.799803 -0.138504
vn -0.382700 0.000000 0.923900
vn -0.675700 0.682000 -0.279900
vn 0.382700 0.000000 -0.923900
vn 0.675700 -0.682000 0.279900
vn -0.630100 -0.731400 -0.261000
vn 0.630100 0.731400 0.261000
usemtl mmd_tools_rigid_6
s off
f 74//55 76//55 75//55 73//55
f 76//56 80//56 79//56 75//56
f 80//57 78//57 77//57 79//57
f 78//58 74//58 73//58 77//58
f 73//59 75//59 79//59 77//59
f 78//60 80//60 76//60 74//60
o 右スカートＤ２_Cube.056
v -0.278349 0.751887 0.011614
v -0.177535 0.868904 0.053373
v -0.299971 0.773711 0.002658
v -0.199157 0.890728 0.044417
v -0.229365 0.751887 -0.106642
v -0.128552 0.868904 -0.064884
v -0.250987 0.773711 -0.115598
v -0.150174 0.890728 -0.073840
vn -0.382700 -0.000000 0.923900
vn -0.675700 0.682000 -0.279900
vn 0.382700 0.000000 -0.923900
vn 0.675700 -0.682000 0.279900
vn -0.630100 -0.731400 -0.261000
vn 0.630100 0.731400 0.261000
usemtl mmd_tools_rigid_6
s off
f 82//61 84//61 83//61 81//61
f 84//62 88//62 87//62 83//62
f 88//63 86//63 85//63 87//63
f 86//64 82//64 81//64 85//64
f 81//65 83//65 87//65 85//65
f 86//66 88//66 84//66 82//66
o 右スカートＤ_Cube.055
v -0.201271 0.848267 0.029693
v -0.100458 0.965284 0.071451
v -0.222893 0.870091 0.020737
v -0.122079 0.987108 0.062495
v -0.164533 0.848267 -0.059000
v -0.063720 0.965284 -0.017241
v -0.186155 0.870091 -0.067956
v -0.085342 0.987108 -0.026198
vn -0.382700 0.000000 0.923900
vn -0.675700 0.682000 -0.279900
vn 0.382700 0.000000 -0.923900
vn 0.675700 -0.682000 0.279900
vn -0.630100 -0.731400 -0.261000
vn 0.630100 0.731400 0.261000
usemtl mmd_tools_rigid_6
s off
f 90//67 92//67 91//67 89//67
f 92//68 96//68 95//68 91//68
f 96//69 94//69 93//69 95//69
f 94//70 90//70 89//70 93//70
f 89//71 91//71 95//71 93//71
f 94//72 96//72 92//72 90//72
o 右スカートＣ４_Cube.054
v -0.502170 0.568253 0.139791
v -0.350950 0.743778 0.077154
v -0.448115 0.513694 0.117401
v -0.296895 0.689219 0.054764
v -0.416449 0.568253 0.346740
v -0.265229 0.743778 0.284103
v -0.362394 0.513694 0.324350
v -0.211174 0.689219 0.261713
vn -0.382700 0.000000 -0.923900
vn 0.675700 -0.682000 -0.279900
vn 0.382700 -0.000000 0.923900
vn -0.675700 0.682000 0.279900
vn -0.630100 -0.731400 0.261000
vn 0.630100 0.731400 -0.261000
usemtl mmd_tools_rigid_6
s off
f 98//73 100//73 99//73 97//73
f 100//74 104//74 103//74 99//74
f 104//75 102//75 101//75 103//75
f 102//76 98//76 97//76 101//76
f 97//77 99//77 103//77 101//77
f 102//78 104//78 100//78 98//78
o 右スカートＣ３_Cube.053
v -0.389244 0.682786 0.109538
v -0.288430 0.799803 0.067779
v -0.356811 0.650050 0.096104
v -0.255998 0.767067 0.054345
v -0.315769 0.682786 0.286922
v -0.214955 0.799803 0.245164
v -0.283336 0.650050 0.273488
v -0.182522 0.767067 0.231730
vn -0.382700 -0.000000 -0.923900
vn 0.675700 -0.682000 -0.279900
vn 0.382700 0.000000 0.923900
vn -0.675700 0.682000 0.279900
vn -0.630100 -0.731400 0.261000
vn 0.630100 0.731400 -0.261000
usemtl mmd_tools_rigid_6
s off
f 106//79 108//79 107//79 105//79
f 108//80 112//80 111//80 107//80
f 112//81 110//81 109//81 111//81
f 110//82 106//82 105//82 109//82
f 105//83 107//83 111//83 109//83
f 110//84 112//84 108//84 106//84
o 右スカートＣ２_Cube.052
v -0.300416 0.773711 0.107029
v -0.199602 0.890728 0.065271
v -0.278794 0.751887 0.098073
v -0.177980 0.868904 0.056315
v -0.251432 0.773711 0.225286
v -0.150619 0.890728 0.183528
v -0.229810 0.751887 0.216330
v -0.128997 0.868904 0.174571
vn -0.382700 0.000000 -0.923900
vn 0.675700 -0.682000 -0.279900
vn 0.382700 0.000000 0.923900
vn -0.675700 0.682000 0.279900
vn -0.630100 -0.731400 0.261000
vn 0.630100 0.731400 -0.261000
usemtl mmd_tools_rigid_6
s off
f 114//85 116//85 115//85 113//85
f 116//86 120//86 119//86 115//86
f 120//87 118//87 117//87 119//87
f 118//88 114//88 113//88 117//88
f 113//89 115//89 119//89 117//89
f 118//90 120//90 116//90 114//90
o 右スカートＣ_Cube.051
v -0.223116 0.870091 0.091978
v -0.122303 0.987108 0.050220
v -0.201494 0.848267 0.083022
v -0.100681 0.965284 0.041264
v -0.186379 0.870091 0.180670
v -0.085565 0.987108 0.138912
v -0.164757 0.848267 0.171714
v -0.063943 0.965284 0.129956
vn -0.382700 -0.000000 -0.923900
vn 0.675700 -0.682000 -0.279900
vn 0.382700 0.000000 0.923900
vn -0.675700 0.682000 0.279900
vn -0.630100 -0.731400 0.261000
vn 0.630100 0.731400 -0.261000
usemtl mmd_tools_rigid_6
s off
f 122//91 124//91 123//91 121//91
f 124//92 128//92 127//92 123//92
f 128//93 126//93 125//93 127//93
f 126//94 122//94 121//94 125//94
f 121//95 123//95 127//95 125//95
f 126//96 128//96 124//96 122//96
o 右スカートＢ４_Cube.050
v -0.461759 0.568253 0.360535
v -0.346020 0.743778 0.244796
v -0.420388 0.513694 0.319164
v -0.304649 0.689219 0.203425
v -0.303367 0.568253 0.518927
v -0.187628 0.743778 0.403188
v -0.261996 0.513694 0.477556
v -0.146257 0.689219 0.361817
vn -0.707100 0.000000 -0.707100
vn 0.517100 -0.682000 -0.517100
vn 0.707100 -0.000000 0.707100
vn -0.517100 0.682000 0.517100
vn -0.482200 -0.731400 0.482200
vn 0.482200 0.731400 -0.482200
usemtl mmd_tools_rigid_6
s off
f 130//97 132//97 131//97 129//97
f 132//98 136//98 135//98 131//98
f 136//99 134//99 133//99 135//99
f 134//100 130//100 129//100 133//100
f 129//101 131//101 135//101 133//101
f 134//102 136//102 132//102 130//102
o 右スカートＢ３_Cube.049
v -0.361942 0.682786 0.280179
v -0.284782 0.799803 0.203019
v -0.337119 0.650050 0.255356
v -0.259960 0.767067 0.178196
v -0.226177 0.682786 0.415943
v -0.149018 0.799803 0.338784
v -0.201354 0.650050 0.391120
v -0.124195 0.767067 0.313961
vn -0.707100 -0.000000 -0.707100
vn 0.517100 -0.682000 -0.517100
vn 0.707100 0.000000 0.707100
vn -0.517100 0.682000 0.517100
vn -0.482200 -0.731400 0.482200
vn 0.482200 0.731400 -0.482200
usemtl mmd_tools_rigid_6
s off
f 138//103 140//103 139//103 137//103
f 140//104 144//104 143//104 139//104
f 144//105 142//105 141//105 143//105
f 142//106 138//106 137//106 141//106
f 137//107 139//107 143//107 141//107
f 142//108 144//108 140//108 138//108
o 右スカートＢ２_Cube.048
v -0.274103 0.773711 0.234454
v -0.196944 0.890728 0.157295
v -0.257554 0.751887 0.217905
v -0.180395 0.868904 0.140746
v -0.183593 0.773711 0.324964
v -0.106434 0.890728 0.247804
v -0.167045 0.751887 0.308415
v -0.089885 0.868904 0.231256
vn -0.707100 0.000000 -0.707100
vn 0.517100 -0.682000 -0.517100
vn 0.707100 -0.000000 0.707100
vn -0.517100 0.682000 0.517100
vn -0.482200 -0.731400 0.482200
vn 0.482200 0.731400 -0.482200
usemtl mmd_tools_rigid_6
s off
f 146//109 148//109 147//109 145//109
f 148//110 152//110 151//110 147//110
f 152//111 150//111 149//111 151//111
f 150//112 146//112 145//112 149//112
f 145//113 147//113 151//113 149//113
f 150//114 152//114 148//114 146//114
o 右スカートＢ_Cube.047
v -0.201715 0.870091 0.181553
v -0.124555 0.987108 0.104393
v -0.185166 0.848267 0.165004
v -0.108007 0.965284 0.087845
v -0.133833 0.870091 0.249435
v -0.056673 0.987108 0.172276
v -0.117284 0.848267 0.232886
v -0.040125 0.965284 0.155727
vn -0.707100 -0.000000 -0.707100
vn 0.517100 -0.682000 -0.517100
vn 0.707100 0.000000 0.707100
vn -0.517100 0.682000 0.517100
vn -0.482200 -0.731400 0.482200
vn 0.482200 0.731400 -0.482200
usemtl mmd_tools_rigid_6
s off
f 154//115 156//115 155//115 153//115
f 156//116 160//116 159//116 155//116
f 160//117 158//117 157//117 159//117
f 158//118 154//118 153//118 157//118
f 153//119 155//119 159//119 157//119
f 158//120 160//120 156//120 154//120
o 右スカートＡ４_Cube.046
v -0.285132 0.568254 0.473281
v -0.222495 0.743778 0.322061
v -0.262742 0.513694 0.419226
v -0.200105 0.689219 0.268006
v -0.078183 0.568254 0.559002
v -0.015546 0.743778 0.407782
v -0.055793 0.513694 0.504947
v 0.006844 0.689219 0.353727
vn -0.923900 -0.000000 -0.382700
vn 0.279900 -0.682000 -0.675700
vn 0.923900 -0.000000 0.382700
vn -0.279900 0.682000 0.675700
vn -0.261000 -0.731400 0.630100
vn 0.261000 0.731400 -0.630100
usemtl mmd_tools_rigid_6
s off
f 162//121 164//121 163//121 161//121
f 164//122 168//122 167//122 163//122
f 168//123 166//123 165//123 167//123
f 166//124 162//124 161//124 165//124
f 161//125 163//125 167//125 165//125
f 166//126 168//126 164//126 162//126
o 右スカートＡ３_Cube.045
v -0.228127 0.682786 0.368379
v -0.186369 0.799803 0.267565
v -0.214693 0.650050 0.335946
v -0.172935 0.767067 0.235133
v -0.050742 0.682786 0.441854
v -0.008984 0.799803 0.341041
v -0.037308 0.650050 0.409421
v 0.004450 0.767067 0.308608
vn -0.923900 0.000000 -0.382700
vn 0.279900 -0.682000 -0.675700
vn 0.923900 -0.000000 0.382700
vn -0.279900 0.682000 0.675700
vn -0.261000 -0.731400 0.630100
vn 0.261000 0.731400 -0.630100
usemtl mmd_tools_rigid_6
s off
f 170//127 172//127 171//127 169//127
f 172//128 176//128 175//128 171//128
f 176//129 174//129 173//129 175//129
f 174//130 170//130 169//130 173//130
f 169//131 171//131 175//131 173//131
f 174//132 176//132 172//132 170//132
o 右スカートＡ２_Cube.044
v -0.168910 0.773711 0.300402
v -0.127151 0.890728 0.199588
v -0.159954 0.751887 0.278780
v -0.118195 0.868904 0.177966
v -0.050653 0.773711 0.349385
v -0.008895 0.890728 0.248572
v -0.041697 0.751887 0.327763
v 0.000061 0.868904 0.226950
vn -0.923900 -0.000000 -0.382700
vn 0.279900 -0.682000 -0.675700
vn 0.923900 0.000000 0.382700
vn -0.279900 0.682000 0.675700
vn -0.261000 -0.731400 0.630100
vn 0.261000 0.731400 -0.630100
usemtl mmd_tools_rigid_6
s off
f 178//133 180//133 179//133 177//133
f 180//134 184//134 183//134 179//134
f 184//135 182//135 181//135 183//135
f 182//136 178//136 177//136 181//136
f 177//137 179//137 183//137 181//137
f 182//138 184//138 180//138 178//138
o 右スカートＡ_Cube.043
v -0.126713 0.870091 0.231707
v -0.084955 0.987108 0.130893
v -0.117757 0.848267 0.210085
v -0.075999 0.965284 0.109271
v -0.038021 0.870091 0.268444
v 0.003738 0.987108 0.167631
v -0.029065 0.848267 0.246822
v 0.012694 0.965284 0.146009
vn -0.923900 -0.000000 -0.382700
vn 0.279900 -0.682000 -0.675700
vn 0.923900 -0.000000 0.382700
vn -0.279900 0.682000 0.675700
vn -0.261000 -0.731400 0.630100
vn 0.261000 0.731400 -0.630100
usemtl mmd_tools_rigid_6
s off
f 186//139 188//139 187//139 185//139
f 188//140 192//140 191//140 187//140
f 192//141 190//141 189//141 191//141
f 190//142 186//142 185//142 189//142
f 185//143 187//143 191//143 189//143
f 190//144 192//144 188//144 186//144
o 右スカート横４_Cube.042
v -0.535641 0.572167 -0.054016
v -0.365936 0.741873 -0.054016
v -0.479073 0.515599 -0.054016
v -0.309367 0.685305 -0.054016
v -0.535641 0.572167 0.169984
v -0.365935 0.741873 0.169984
v -0.479072 0.515599 0.169984
v -0.309367 0.685305 0.169984
vn -0.000000 0.000000 -1.000000
vn 0.707100 -0.707100 -0.000000
vn 0.000000 -0.000000 1.000000
vn -0.707100 0.707100 0.000000
vn -0.707100 -0.707100 0.000000
vn 0.707100 0.707100 -0.000000
usemtl mmd_tools_rigid_6
s off
f 194//145 196//145 195//145 193//145
f 196//146 200//146 199//146 195//146
f 200//147 198//147 197//147 199//147
f 198//148 194//148 193//148 197//148
f 193//149 195//149 199//149 197//149
f 198//150 200//150 196//150 194//150
o 右スカート横３_Cube.041
v -0.411465 0.685329 -0.038029
v -0.298328 0.798466 -0.038029
v -0.377524 0.651388 -0.038029
v -0.264387 0.764525 -0.038029
v -0.411465 0.685329 0.153971
v -0.298328 0.798466 0.153971
v -0.377524 0.651388 0.153971
v -0.264387 0.764525 0.153971
vn -0.000000 -0.000000 -1.000000
vn 0.707100 -0.707100 0.000000
vn 0.000000 0.000000 1.000000
vn -0.707100 0.707100 0.000000
vn -0.707100 -0.707100 0.000000
vn 0.707100 0.707100 0.000000
usemtl mmd_tools_rigid_6
s off
f 202//151 204//151 203//151 201//151
f 204//152 208//152 207//152 203//152
f 208//153 206//153 205//153 207//153
f 206//154 202//154 201//154 205//154
f 201//155 203//155 207//155 205//155
f 206//156 208//156 204//156 202//156
o 右スカート横２_Cube.040
v -0.321461 0.776052 -0.006059
v -0.208324 0.889190 -0.006059
v -0.298833 0.753425 -0.006059
v -0.185696 0.866562 -0.006059
v -0.321461 0.776052 0.121941
v -0.208324 0.889190 0.121941
v -0.298833 0.753425 0.121941
v -0.185696 0.866562 0.121941
vn -0.000000 -0.000000 -1.000000
vn 0.707100 -0.707100 0.000000
vn 0.000000 0.000000 1.000000
vn -0.707100 0.707100 0.000000
vn -0.707100 -0.707100 0.000000
vn 0.707100 0.707100 0.000000
usemtl mmd_tools_rigid_6
s off
f 210//157 212//157 211//157 209//157
f 212//158 216//158 215//158 211//158
f 216//159 214//159 213//159 215//159
f 214//160 210//160 209//160 213//160
f 209//161 211//161 215//161 213//161
f 214//162 216//162 212//162 210//162
o 右スカート横_Cube.039
v -0.237113 0.872432 0.009912
v -0.123976 0.985569 0.009912
v -0.214485 0.849805 0.009912
v -0.101348 0.962942 0.009912
v -0.237113 0.872432 0.105912
v -0.123976 0.985569 0.105912
v -0.214485 0.849805 0.105912
v -0.101348 0.962942 0.105912
vn -0.000000 -0.000000 -1.000000
vn 0.707100 -0.707100 -0.000000
vn 0.000000 0.000000 1.000000
vn -0.707100 0.707100 0.000000
vn -0.707100 -0.707100 0.000000
vn 0.707100 0.707100 0.000000
usemtl mmd_tools_rigid_6
s off
f 218//163 220//163 219//163 217//163
f 220//164 224//164 223//164 219//164
f 224//165 222//165 221//165 223//165
f 222//166 218//166 217//166 221//166
f 217//167 219//167 223//167 221//167
f 222//168 224//168 220//168 218//168
o スカート後４_Cube.038
v -0.112000 0.513694 -0.411954
v -0.112000 0.689219 -0.248274
v -0.112000 0.568254 -0.470462
v -0.112000 0.743778 -0.306782
v 0.112000 0.513694 -0.411954
v 0.112000 0.689219 -0.248274
v 0.112000 0.568254 -0.470462
v 0.112000 0.743778 -0.306782
vn -1.000000 -0.000000 0.000000
vn 0.000000 0.682000 -0.731400
vn 1.000000 -0.000000 0.000000
vn 0.000000 -0.682000 0.731400
vn 0.000000 -0.731400 -0.682000
vn 0.000000 0.731400 0.682000
usemtl mmd_tools_rigid_6
s off
f 226//169 228//169 227//169 225//169
f 228//170 232//170 231//170 227//170
f 232//171 230//171 229//171 231//171
f 230//172 226//172 225//172 229//172
f 225//173 227//173 231//173 229//173
f 230//174 232//174 228//174 226//174
o スカート後３_Cube.037
v -0.096000 0.650244 -0.308527
v -0.096000 0.767260 -0.199408
v -0.096000 0.682980 -0.343632
v -0.096000 0.799996 -0.234513
v 0.096000 0.650244 -0.308527
v 0.096000 0.767260 -0.199408
v 0.096000 0.682980 -0.343632
v 0.096000 0.799996 -0.234513
vn -1.000000 -0.000000 0.000000
vn 0.000000 0.682000 -0.731400
vn 1.000000 0.000000 0.000000
vn 0.000000 -0.682000 0.731400
vn 0.000000 -0.731400 -0.682000
vn 0.000000 0.731400 0.682000
usemtl mmd_tools_rigid_6
s off
f 234//175 236//175 235//175 233//175
f 236//176 240//176 239//176 235//176
f 240//177 238//177 237//177 239//177
f 238//178 234//178 233//178 237//178
f 233//179 235//179 239//179 237//179
f 238//180 240//180 236//180 234//180
o スカート後２_Cube.036
v -0.064000 0.752076 -0.226538
v -0.064000 0.869092 -0.117418
v -0.064000 0.773900 -0.249942
v -0.064000 0.890916 -0.140822
v 0.064000 0.752076 -0.226538
v 0.064000 0.869092 -0.117418
v 0.064000 0.773900 -0.249942
v 0.064000 0.890916 -0.140822
vn -1.000000 -0.000000 0.000000
vn 0.000000 0.682000 -0.731400
vn 1.000000 -0.000000 0.000000
vn 0.000000 -0.682000 0.731400
vn 0.000000 -0.731400 -0.682000
vn 0.000000 0.731400 0.682000
usemtl mmd_tools_rigid_6
s off
f 242//181 244//181 243//181 241//181
f 244//182 248//182 247//182 243//182
f 248//183 246//183 245//183 247//183
f 246//184 242//184 241//184 245//184
f 241//185 243//185 247//185 245//185
f 246//186 248//186 244//186 242//186
o スカート後_Cube.035
v -0.048000 0.848460 -0.138282
v -0.048000 0.965476 -0.029162
v -0.048000 0.870284 -0.161686
v -0.048000 0.987300 -0.052566
v 0.048000 0.848460 -0.138282
v 0.048000 0.965476 -0.029162
v 0.048000 0.870284 -0.161686
v 0.048000 0.987300 -0.052566
vn -1.000000 0.000000 0.000000
vn 0.000000 0.682000 -0.731400
vn 1.000000 -0.000000 0.000000
vn 0.000000 -0.682000 0.731400
vn 0.000000 -0.731400 -0.682000
vn 0.000000 0.731400 0.682000
usemtl mmd_tools_rigid_6
s off
f 250//187 252//187 251//187 249//187
f 252//188 256//188 255//188 251//188
f 256//189 254//189 253//189 255//189
f 254//190 250//190 249//190 253//190
f 249//191 251//191 255//191 253//191
f 254//192 256//192 252//192 250//192
o 左スカートＦ４_Cube.034
v 0.050073 0.513694 -0.391803
v -0.012564 0.689219 -0.240583
v 0.072463 0.568253 -0.445858
v 0.009826 0.743778 -0.294638
v 0.257022 0.513694 -0.306082
v 0.194385 0.689219 -0.154862
v 0.279412 0.568253 -0.360137
v 0.216775 0.743778 -0.208917
vn -0.923900 -0.000000 -0.382700
vn 0.279900 0.682000 -0.675700
vn 0.923900 0.000000 0.382700
vn -0.279900 -0.682000 0.675700
vn 0.261000 -0.731400 -0.630100
vn -0.261000 0.731400 0.630100
usemtl mmd_tools_rigid_6
s off
f 258//193 260//193 259//193 257//193
f 260//194 264//194 263//194 259//194
f 264//195 262//195 261//195 263//195
f 262//196 258//196 257//196 261//196
f 257//197 259//197 263//197 261//197
f 262//198 264//198 260//198 258//198
o 左スカートＦ３_Cube.033
v 0.047663 0.650240 -0.289597
v 0.005905 0.767257 -0.188784
v 0.061097 0.682976 -0.322030
v 0.019339 0.799993 -0.221217
v 0.195484 0.650240 -0.228368
v 0.153726 0.767257 -0.127554
v 0.208918 0.682976 -0.260801
v 0.167160 0.799993 -0.159987
vn -0.923900 -0.000000 -0.382700
vn 0.279900 0.682000 -0.675700
vn 0.923900 0.000000 0.382700
vn -0.279900 -0.682000 0.675700
vn 0.261000 -0.731400 -0.630100
vn -0.261000 0.731400 0.630100
usemtl mmd_tools_rigid_6
s off
f 266//199 268//199 267//199 265//199
f 268//200 272//200 271//200 267//200
f 272//201 270//201 269//201 271//201
f 270//202 266//202 265//202 269//202
f 265//203 267//203 271//203 269//203
f 270//204 272//204 268//204 266//204
o 左スカートＦ２_Cube.032
v 0.040913 0.757533 -0.218721
v -0.000845 0.874549 -0.117908
v 0.045391 0.768445 -0.229532
v 0.003633 0.885461 -0.128719
v 0.159169 0.757533 -0.169738
v 0.117411 0.874549 -0.068924
v 0.163648 0.768445 -0.180549
v 0.121889 0.885461 -0.079735
vn -0.923900 -0.000000 -0.382700
vn 0.279900 0.682000 -0.675700
vn 0.923900 0.000000 0.382700
vn -0.279900 -0.682000 0.675700
vn 0.261000 -0.731400 -0.630100
vn -0.261000 0.731400 0.630100
usemtl mmd_tools_rigid_6
s off
f 274//205 276//205 275//205 273//205
f 276//206 280//206 279//206 275//206
f 280//207 278//207 277//207 279//207
f 278//208 274//208 273//208 277//208
f 273//209 275//209 279//209 277//209
f 278//210 280//210 276//210 274//210
o 左スカートＦ_Cube.031
v 0.029685 0.853913 -0.137034
v -0.012074 0.970930 -0.036221
v 0.034163 0.864825 -0.147845
v -0.007596 0.981842 -0.047032
v 0.118377 0.853913 -0.100297
v 0.076619 0.970930 0.000517
v 0.122855 0.864825 -0.111108
v 0.081097 0.981842 -0.010294
vn -0.923900 0.000000 -0.382700
vn 0.279900 0.682000 -0.675700
vn 0.923900 0.000000 0.382700
vn -0.279900 -0.682000 0.675700
vn 0.261000 -0.731400 -0.630100
vn -0.261000 0.731400 0.630100
usemtl mmd_tools_rigid_6
s off
f 282//211 284//211 283//211 281//211
f 284//212 288//212 287//212 283//212
f 288//213 286//213 285//213 287//213
f 286//214 282//214 281//214 285//214
f 281//215 283//215 287//215 285//215
f 286//216 288//216 284//216 282//216
o 左スカートＥ４_Cube.030
v 0.261996 0.513694 -0.361580
v 0.146257 0.689219 -0.245841
v 0.303367 0.568253 -0.402951
v 0.187628 0.743778 -0.287212
v 0.420388 0.513694 -0.203188
v 0.304649 0.689219 -0.087449
v 0.461759 0.568253 -0.244559
v 0.346020 0.743778 -0.128820
vn -0.707100 -0.000000 -0.707100
vn 0.517100 0.682000 -0.517100
vn 0.707100 0.000000 0.707100
vn -0.517100 -0.682000 0.517100
vn 0.482200 -0.731400 -0.482200
vn -0.482200 0.731400 0.482200
usemtl mmd_tools_rigid_6
s off
f 290//217 292//217 291//217 289//217
f 292//218 296//218 295//218 291//218
f 296//219 294//219 293//219 295//219
f 294//220 290//220 289//220 293//220
f 289//221 291//221 295//221 293//221
f 294//222 296//222 292//222 290//222
o 左スカートＥ３_Cube.029
v 0.212531 0.650240 -0.263782
v 0.135372 0.767257 -0.186623
v 0.237354 0.682976 -0.288605
v 0.160195 0.799993 -0.211446
v 0.325668 0.650240 -0.150645
v 0.248509 0.767257 -0.073485
v 0.350491 0.682976 -0.175468
v 0.273332 0.799993 -0.098308
vn -0.707100 0.000000 -0.707100
vn 0.517100 0.682000 -0.517100
vn 0.707100 0.000000 0.707100
vn -0.517100 -0.682000 0.517100
vn 0.482200 -0.731400 -0.482200
vn -0.482200 0.731400 0.482200
usemtl mmd_tools_rigid_6
s off
f 298//223 300//223 299//223 297//223
f 300//224 304//224 303//224 299//224
f 304//225 302//225 301//225 303//225
f 302//226 298//226 297//226 301//226
f 297//227 299//227 303//227 301//227
f 302//228 304//228 300//228 298//228
o 左スカートＥ２_Cube.028
v 0.171045 0.757533 -0.196589
v 0.093885 0.874549 -0.119430
v 0.179319 0.768445 -0.204863
v 0.102160 0.885461 -0.127704
v 0.261554 0.757533 -0.106079
v 0.184395 0.874549 -0.028920
v 0.269829 0.768445 -0.114354
v 0.192669 0.885461 -0.037194
vn -0.707100 0.000000 -0.707100
vn 0.517100 0.682000 -0.517100
vn 0.707100 -0.000000 0.707100
vn -0.517100 -0.682000 0.517100
vn 0.482200 -0.731400 -0.482200
vn -0.482200 0.731400 0.482200
usemtl mmd_tools_rigid_6
s off
f 306//229 308//229 307//229 305//229
f 308//230 312//230 311//230 307//230
f 312//231 310//231 309//231 311//231
f 310//232 306//232 305//232 309//232
f 305//233 307//233 311//233 309//233
f 310//234 312//234 308//234 306//234
o 左スカートＥ_Cube.027
v 0.121284 0.853913 -0.121122
v 0.044125 0.970930 -0.043962
v 0.129558 0.864825 -0.129396
v 0.052399 0.981842 -0.052237
v 0.189166 0.853913 -0.053240
v 0.112007 0.970930 0.023920
v 0.197440 0.864825 -0.061514
v 0.120281 0.981842 0.015645
vn -0.707100 -0.000000 -0.707100
vn 0.517100 0.682000 -0.517100
vn 0.707100 0.000000 0.707100
vn -0.517100 -0.682000 0.517100
vn 0.482200 -0.731400 -0.482200
vn -0.482200 0.731400 0.482200
usemtl mmd_tools_rigid_6
s off
f 314//235 316//235 315//235 313//235
f 316//236 320//236 319//236 315//236
f 320//237 318//237 317//237 319//237
f 318//238 314//238 313//238 317//238
f 313//239 315//239 319//239 317//239
f 318//240 320//240 316//240 314//240
o 左スカートＤ４_Cube.026
v 0.361618 0.513694 -0.220798
v 0.210398 0.689219 -0.158161
v 0.415673 0.568254 -0.243188
v 0.264453 0.743778 -0.180551
v 0.447339 0.513694 -0.013849
v 0.296119 0.689219 0.048788
v 0.501394 0.568254 -0.036239
v 0.350174 0.743778 0.026398
vn -0.382700 0.000000 -0.923900
vn 0.675700 0.682000 -0.279900
vn 0.382700 0.000000 0.923900
vn -0.675700 -0.682000 0.279900
vn 0.630100 -0.731400 -0.261000
vn -0.630100 0.731400 0.261000
usemtl mmd_tools_rigid_6
s off
f 322//241 324//241 323//241 321//241
f 324//242 328//242 327//242 323//242
f 328//243 326//243 325//243 327//243
f 326//244 322//244 321//244 325//244
f 321//245 323//245 327//245 325//245
f 326//246 328//246 324//246 322//246
o 左スカートＤ３_Cube.025
v 0.288514 0.650240 -0.152416
v 0.187701 0.767257 -0.110657
v 0.320947 0.682976 -0.165850
v 0.220133 0.799993 -0.124091
v 0.349744 0.650240 -0.004595
v 0.248930 0.767257 0.037163
v 0.382176 0.682976 -0.018029
v 0.281363 0.799993 0.023729
vn -0.382700 -0.000000 -0.923900
vn 0.675700 0.682000 -0.279900
vn 0.382700 0.000000 0.923900
vn -0.675700 -0.682000 0.279900
vn 0.630100 -0.731400 -0.261000
vn -0.630100 0.731400 0.261000
usemtl mmd_tools_rigid_6
s off
f 330//247 332//247 331//247 329//247
f 332//248 336//248 335//248 331//248
f 336//249 334//249 333//249 335//249
f 334//250 330//250 329//250 333//250
f 329//251 331//251 335//251 333//251
f 334//252 336//252 332//252 330//252
o 左スカートＤ２_Cube.024
v 0.234493 0.757533 -0.109251
v 0.133680 0.874549 -0.067493
v 0.245304 0.768445 -0.113729
v 0.144491 0.885461 -0.071971
v 0.283477 0.757533 0.009005
v 0.182663 0.874549 0.050764
v 0.294288 0.768445 0.004527
v 0.193474 0.885461 0.046286
vn -0.382700 0.000000 -0.923900
vn 0.675700 0.682000 -0.279900
vn 0.382700 0.000000 0.923900
vn -0.675700 -0.682000 0.279900
vn 0.630100 -0.731400 -0.261000
vn -0.630100 0.731400 0.261000
usemtl mmd_tools_rigid_6
s off
f 338//253 340//253 339//253 337//253
f 340//254 344//254 343//254 339//254
f 344//255 342//255 341//255 343//255
f 342//256 338//256 337//256 341//256
f 337//257 339//257 343//257 341//257
f 342//258 344//258 340//258 338//258
o 左スカートＤ_Cube.023
v 0.169661 0.853913 -0.061609
v 0.068848 0.970930 -0.019850
v 0.180472 0.864825 -0.066087
v 0.079659 0.981842 -0.024328
v 0.206399 0.853913 0.027084
v 0.105586 0.970930 0.068842
v 0.217210 0.864825 0.022606
v 0.116397 0.981842 0.064364
vn -0.382700 0.000000 -0.923900
vn 0.675700 0.682000 -0.279900
vn 0.382700 0.000000 0.923900
vn -0.675700 -0.682000 0.279900
vn 0.630100 -0.731400 -0.261000
vn -0.630100 0.731400 0.261000
usemtl mmd_tools_rigid_6
s off
f 346//259 348//259 347//259 345//259
f 348//260 352//260 351//260 347//260
f 352//261 350//261 349//261 351//261
f 350//262 346//262 345//262 349//262
f 345//263 347//263 351//263 349//263
f 350//264 352//264 348//264 346//264
o 左スカート横４_Cube.022
v 0.535641 0.572167 0.169984
v 0.365935 0.741873 0.169984
v 0.479073 0.515599 0.169984
v 0.309367 0.685305 0.169984
v 0.535641 0.572167 -0.054016
v 0.365935 0.741873 -0.054016
v 0.479073 0.515599 -0.054016
v 0.309367 0.685305 -0.054016
vn -0.000000 0.000000 1.000000
vn -0.707100 -0.707100 -0.000000
vn 0.000000 -0.000000 -1.000000
vn 0.707100 0.707100 0.000000
vn 0.707100 -0.707100 0.000000
vn -0.707100 0.707100 -0.000000
usemtl mmd_tools_rigid_6
s off
f 354//265 356//265 355//265 353//265
f 356//266 360//266 359//266 355//266
f 360//267 358//267 357//267 359//267
f 358//268 354//268 353//268 357//268
f 353//269 355//269 359//269 357//269
f 358//270 360//270 356//270 354//270
o 左スカート横３_Cube.021
v 0.411691 0.685519 0.137956
v 0.298554 0.798656 0.137956
v 0.377750 0.651578 0.137956
v 0.264613 0.764715 0.137956
v 0.411692 0.685519 -0.022044
v 0.298554 0.798656 -0.022044
v 0.377750 0.651578 -0.022044
v 0.264613 0.764715 -0.022044
vn -0.000000 -0.000000 1.000000
vn -0.707100 -0.707100 -0.000000
vn 0.000000 0.000000 -1.000000
vn 0.707100 0.707100 0.000000
vn 0.707100 -0.707100 0.000000
vn -0.707100 0.707100 -0.000000
usemtl mmd_tools_rigid_6
s off
f 362//271 364//271 363//271 361//271
f 364//272 368//272 367//272 363//272
f 368//273 366//273 365//273 367//273
f 366//274 362//274 361//274 365//274
f 361//275 363//275 367//275 365//275
f 366//276 368//276 364//276 362//276
o 左スカート横２_Cube.020
v 0.316030 0.770585 0.121927
v 0.202893 0.883722 0.121926
v 0.304716 0.759272 0.121927
v 0.191579 0.872409 0.121926
v 0.316030 0.770585 -0.006073
v 0.202893 0.883722 -0.006074
v 0.304716 0.759272 -0.006073
v 0.191579 0.872409 -0.006074
vn -0.000000 -0.000000 1.000000
vn -0.707100 -0.707100 -0.000000
vn 0.000000 0.000000 -1.000000
vn 0.707100 0.707100 0.000000
vn 0.707100 -0.707100 0.000000
vn -0.707100 0.707100 -0.000000
usemtl mmd_tools_rigid_6
s off
f 370//277 372//277 371//277 369//277
f 372//278 376//278 375//278 371//278
f 376//279 374//279 373//279 375//279
f 374//280 370//280 369//280 373//280
f 369//281 371//281 375//281 373//281
f 374//282 376//282 372//282 370//282
o 左スカート横_Cube.019
v 0.231682 0.866966 0.105897
v 0.118545 0.980103 0.105897
v 0.220368 0.855652 0.105897
v 0.107231 0.968789 0.105897
v 0.231682 0.866966 0.009897
v 0.118545 0.980103 0.009897
v 0.220368 0.855652 0.009897
v 0.107231 0.968789 0.009897
vn -0.000000 -0.000000 1.000000
vn -0.707100 -0.707100 -0.000000
vn 0.000000 0.000000 -1.000000
vn 0.707100 0.707100 0.000000
vn 0.707100 -0.707100 0.000000
vn -0.707100 0.707100 -0.000000
usemtl mmd_tools_rigid_6
s off
f 378//283 380//283 379//283 377//283
f 380//284 384//284 383//284 379//284
f 384//285 382//285 381//285 383//285
f 382//286 378//286 377//286 381//286
f 377//287 379//287 383//287 381//287
f 382//288 384//288 380//288 378//288
o 左スカートＣ４_Cube.018
v 0.416449 0.568254 0.346740
v 0.265229 0.743778 0.284103
v 0.362394 0.513694 0.324350
v 0.211174 0.689219 0.261713
v 0.502170 0.568254 0.139791
v 0.350950 0.743778 0.077154
v 0.448115 0.513694 0.117401
v 0.296895 0.689219 0.054764
vn -0.382700 -0.000000 0.923900
vn -0.675700 -0.682000 -0.279900
vn 0.382700 -0.000000 -0.923900
vn 0.675700 0.682000 0.279900
vn 0.630100 -0.731400 0.261000
vn -0.630100 0.731400 -0.261000
usemtl mmd_tools_rigid_6
s off
f 386//289 388//289 387//289 385//289
f 388//290 392//290 391//290 387//290
f 392//291 390//291 389//291 391//291
f 390//292 386//292 385//292 389//292
f 385//293 387//293 391//293 389//293
f 390//294 392//294 388//294 386//294
o 左スカートＣ３_Cube.017
v 0.321503 0.682976 0.272424
v 0.220690 0.799993 0.230665
v 0.289070 0.650240 0.258990
v 0.188257 0.767257 0.217231
v 0.382733 0.682976 0.124603
v 0.281919 0.799993 0.082845
v 0.350300 0.650240 0.111169
v 0.249486 0.767257 0.069411
vn -0.382700 -0.000000 0.923900
vn -0.675700 -0.682000 -0.279900
vn 0.382700 0.000000 -0.923900
vn 0.675700 0.682000 0.279900
vn 0.630100 -0.731400 0.261000
vn -0.630100 0.731400 -0.261000
usemtl mmd_tools_rigid_6
s off
f 394//295 396//295 395//295 393//295
f 396//296 400//296 399//296 395//296
f 400//297 398//297 397//297 399//297
f 398//298 394//298 393//298 397//298
f 393//299 395//299 399//299 397//299
f 398//300 400//300 396//300 394//300
o 左スカートＣ２_Cube.016
v 0.245639 0.768445 0.223330
v 0.144825 0.885461 0.181572
v 0.234828 0.757533 0.218852
v 0.134014 0.874549 0.177094
v 0.294622 0.768445 0.105074
v 0.193809 0.885461 0.063315
v 0.283811 0.757533 0.100596
v 0.182998 0.874549 0.058837
vn -0.382700 -0.000000 0.923900
vn -0.675700 -0.682000 -0.279900
vn 0.382700 0.000000 -0.923900
vn 0.675700 0.682000 0.279900
vn 0.630100 -0.731400 0.261000
vn -0.630100 0.731400 -0.261000
usemtl mmd_tools_rigid_6
s off
f 402//301 404//301 403//301 401//301
f 404//302 408//302 407//302 403//302
f 408//303 406//303 405//303 407//303
f 406//304 402//304 401//304 405//304
f 401//305 403//305 407//305 405//305
f 406//306 408//306 404//306 402//306
o 左スカートＣ_Cube.015
v 0.180585 0.864825 0.178715
v 0.079771 0.981842 0.136956
v 0.169774 0.853913 0.174237
v 0.068961 0.970930 0.132478
v 0.217323 0.864825 0.090022
v 0.116509 0.981842 0.048264
v 0.206512 0.853913 0.085544
v 0.105698 0.970930 0.043786
vn -0.382700 0.000000 0.923900
vn -0.675700 -0.682000 -0.279900
vn 0.382700 -0.000000 -0.923900
vn 0.675700 0.682000 0.279900
vn 0.630100 -0.731400 0.261000
vn -0.630100 0.731400 -0.261000
usemtl mmd_tools_rigid_6
s off
f 410//307 412//307 411//307 409//307
f 412//308 416//308 415//308 411//308
f 416//309 414//309 413//309 415//309
f 414//310 410//310 409//310 413//310
f 409//311 411//311 415//311 413//311
f 414//312 416//312 412//312 410//312
o 左スカートＢ４_Cube.014
v 0.303367 0.568253 0.518927
v 0.187628 0.743778 0.403188
v 0.261996 0.513694 0.477556
v 0.146257 0.689219 0.361817
v 0.461759 0.568253 0.360535
v 0.346020 0.743778 0.244796
v 0.420388 0.513694 0.319164
v 0.304649 0.689219 0.203425
vn -0.707100 0.000000 0.707100
vn -0.517100 -0.682000 -0.517100
vn 0.707100 0.000000 -0.707100
vn 0.517100 0.682000 0.517100
vn 0.482200 -0.731400 0.482200
vn -0.482200 0.731400 -0.482200
usemtl mmd_tools_rigid_6
s off
f 418//313 420//313 419//313 417//313
f 420//314 424//314 423//314 419//314
f 424//315 422//315 421//315 423//315
f 422//316 418//316 417//316 421//316
f 417//317 419//317 423//317 421//317
f 422//318 424//318 420//318 418//318
o 左スカートＢ３_Cube.013
v 0.237354 0.682976 0.404522
v 0.160195 0.799993 0.327363
v 0.212531 0.650240 0.379699
v 0.135372 0.767257 0.302540
v 0.350491 0.682976 0.291385
v 0.273332 0.799993 0.214225
v 0.325668 0.650240 0.266562
v 0.248509 0.767257 0.189403
vn -0.707100 0.000000 0.707100
vn -0.517100 -0.682000 -0.517100
vn 0.707100 0.000000 -0.707100
vn 0.517100 0.682000 0.517100
vn 0.482200 -0.731400 0.482200
vn -0.482200 0.731400 -0.482200
usemtl mmd_tools_rigid_6
s off
f 426//319 428//319 427//319 425//319
f 428//320 432//320 431//320 427//320
f 432//321 430//321 429//321 431//321
f 430//322 426//322 425//322 429//322
f 425//323 427//323 431//323 429//323
f 430//324 432//324 428//324 426//324
o 左スカートＢ２_Cube.012
v 0.179319 0.768445 0.320719
v 0.102160 0.885461 0.243560
v 0.171045 0.757533 0.312445
v 0.093885 0.874549 0.235285
v 0.269829 0.768445 0.230209
v 0.192669 0.885461 0.153050
v 0.261554 0.757533 0.221935
v 0.184395 0.874549 0.144776
vn -0.707100 -0.000000 0.707100
vn -0.517100 -0.682000 -0.517100
vn 0.707100 -0.000000 -0.707100
vn 0.517100 0.682000 0.517100
vn 0.482200 -0.731400 0.482200
vn -0.482200 0.731400 -0.482200
usemtl mmd_tools_rigid_6
s off
f 434//325 436//325 435//325 433//325
f 436//326 440//326 439//326 435//326
f 440//327 438//327 437//327 439//327
f 438//328 434//328 433//328 437//328
f 433//329 435//329 439//329 437//329
f 438//330 440//330 436//330 434//330
o 左スカートＢ_Cube.011
v 0.129558 0.864825 0.245190
v 0.052399 0.981842 0.168031
v 0.121284 0.853913 0.236916
v 0.044125 0.970930 0.159757
v 0.197440 0.864825 0.177308
v 0.120281 0.981842 0.100149
v 0.189166 0.853913 0.169034
v 0.112007 0.970930 0.091874
vn -0.707100 -0.000000 0.707100
vn -0.517100 -0.682000 -0.517100
vn 0.707100 0.000000 -0.707100
vn 0.517100 0.682000 0.517100
vn 0.482200 -0.731400 0.482200
vn -0.482200 0.731400 -0.482200
usemtl mmd_tools_rigid_6
s off
f 442//331 444//331 443//331 441//331
f 444//332 448//332 447//332 443//332
f 448//333 446//333 445//333 447//333
f 446//334 442//334 441//334 445//334
f 441//335 443//335 447//335 445//335
f 446//336 448//336 444//336 442//336
o 左スカートＡ４_Cube.010
v 0.078183 0.568253 0.559002
v 0.015546 0.743778 0.407782
v 0.055793 0.513694 0.504947
v -0.006844 0.689219 0.353727
v 0.285132 0.568253 0.473281
v 0.222495 0.743778 0.322061
v 0.262742 0.513694 0.419226
v 0.200105 0.689219 0.268006
vn -0.923900 0.000000 0.382700
vn -0.279900 -0.682000 -0.675700
vn 0.923900 -0.000000 -0.382700
vn 0.279900 0.682000 0.675700
vn 0.261000 -0.731400 0.630100
vn -0.261000 0.731400 -0.630100
usemtl mmd_tools_rigid_6
s off
f 450//337 452//337 451//337 449//337
f 452//338 456//338 455//338 451//338
f 456//339 454//339 453//339 455//339
f 454//340 450//340 449//340 453//340
f 449//341 451//341 455//341 453//341
f 454//342 456//342 452//342 450//342
o 左スカートＡ３_Cube.009
v 0.065417 0.682976 0.435922
v 0.023659 0.799993 0.335109
v 0.051983 0.650240 0.403489
v 0.010225 0.767257 0.302676
v 0.213238 0.682976 0.374693
v 0.171480 0.799993 0.273879
v 0.199804 0.650240 0.342260
v 0.158045 0.767257 0.241447
vn -0.923900 0.000000 0.382700
vn -0.279900 -0.682000 -0.675700
vn 0.923900 0.000000 -0.382700
vn 0.279900 0.682000 0.675700
