# Blender v2.74 (sub 0) OBJ File: 'original.blend'
# www.blender.org
mtllib model-collision.mtl
o sk_17_6_Cube.143
v 0.286847 0.397788 0.186160
v 0.323923 0.261533 0.200512
v 0.367418 0.422998 0.217348
v 0.404495 0.286743 0.231700
v 0.349583 0.397788 0.024089
v 0.386660 0.261533 0.038441
v 0.430155 0.422998 0.055277
v 0.467231 0.286743 0.069629
vn -0.361000 0.000000 0.932600
vn 0.895200 0.280100 0.346500
vn 0.361000 0.000000 -0.932600
vn -0.895200 -0.280100 -0.346500
vn -0.261200 0.960000 -0.101100
vn 0.261200 -0.960000 0.101100
usemtl mmd_tools_rigid_9
s off
f 2//1 4//1 3//1 1//1
f 4//2 8//2 7//2 3//2
f 8//3 6//3 5//3 7//3
f 6//4 2//4 1//4 5//4
f 1//5 3//5 7//5 5//5
f 6//6 8//6 4//6 2//6
o sk_17_5_Cube.142
v 0.259423 0.498352 0.165015
v 0.299486 0.362344 0.181070
v 0.339052 0.525575 0.196925
v 0.379115 0.389567 0.212979
v 0.319192 0.498352 0.015865
v 0.359256 0.362344 0.031920
v 0.398821 0.525575 0.047775
v 0.438884 0.389567 0.063829
vn -0.372000 0.000000 0.928200
vn 0.884800 0.302500 0.354600
vn 0.372000 -0.000000 -0.928200
vn -0.884800 -0.302500 -0.354600
vn -0.280800 0.953200 -0.112500
vn 0.280800 -0.953200 0.112500
usemtl mmd_tools_rigid_9
s off
f 10//7 12//7 11//7 9//7
f 12//8 16//8 15//8 11//8
f 16//9 14//9 13//9 15//9
f 14//10 10//10 9//10 13//10
f 9//11 11//11 15//11 13//11
f 14//12 16//12 12//12 10//12
o sk_17_4_Cube.141
v 0.229465 0.598988 0.143990
v 0.272320 0.463223 0.161732
v 0.308155 0.628084 0.176567
v 0.351010 0.492320 0.194309
v 0.285867 0.598988 0.007753
v 0.328722 0.463223 0.025495
v 0.364557 0.628084 0.040331
v 0.407412 0.492320 0.058073
vn -0.382500 0.000000 0.923900
vn 0.874300 0.323300 0.362000
vn 0.382500 -0.000000 -0.923900
vn -0.874300 -0.323300 -0.362000
vn -0.298700 0.946300 -0.123700
vn 0.298700 -0.946300 0.123700
usemtl mmd_tools_rigid_9
s off
f 18//13 20//13 19//13 17//13
f 20//14 24//14 23//14 19//14
f 24//15 22//15 21//15 23//15
f 22//16 18//16 17//16 21//16
f 17//17 19//17 23//17 21//17
f 22//18 24//18 20//18 18//18
o sk_17_3_Cube.140
v 0.197068 0.699677 0.123279
v 0.242564 0.564162 0.142675
v 0.274841 0.730533 0.156436
v 0.320336 0.595018 0.175833
v 0.249698 0.699677 -0.000166
v 0.295193 0.564162 0.019230
v 0.327470 0.730533 0.032991
v 0.372965 0.595018 0.052388
vn -0.392200 -0.000000 0.919900
vn 0.864100 0.342800 0.368400
vn 0.392200 -0.000000 -0.919900
vn -0.864100 -0.342800 -0.368400
vn -0.315400 0.939400 -0.134500
vn 0.315400 -0.939400 0.134500
usemtl mmd_tools_rigid_9
s off
f 26//19 28//19 27//19 25//19
f 28//20 32//20 31//20 27//20
f 32//21 30//21 29//21 31//21
f 30//22 26//22 25//22 29//22
f 25//23 27//23 31//23 29//23
f 30//24 32//24 28//24 26//24
o sk_17_2_Cube.139
v 0.162347 0.800431 0.103116
v 0.210333 0.665163 0.124073
v 0.239263 0.832921 0.136708
v 0.287249 0.697653 0.157664
v 0.210780 0.800431 -0.007781
v 0.258766 0.665163 0.013176
v 0.287695 0.832921 0.025810
v 0.335681 0.697653 0.046767
vn -0.400200 0.000000 0.916400
vn 0.854600 0.361000 0.373200
vn 0.400200 0.000000 -0.916400
vn -0.854600 -0.361000 -0.373200
vn -0.330800 0.932600 -0.144500
vn 0.330800 -0.932600 0.144500
usemtl mmd_tools_rigid_9
s off
f 34//25 36//25 35//25 33//25
f 36//26 40//26 39//26 35//26
f 40//27 38//27 37//27 39//27
f 38//28 34//28 33//28 37//28
f 33//29 35//29 39//29 37//29
f 38//30 40//30 36//30 34//30
o sk_17_1_Cube.138
v 0.125394 0.901244 0.083786
v 0.175775 0.766220 0.106116
v 0.201574 0.935252 0.117551
v 0.251955 0.800228 0.139881
v 0.169154 0.901244 -0.014945
v 0.219535 0.766220 0.007385
v 0.245334 0.935252 0.018820
v 0.295715 0.800228 0.041150
vn -0.405200 0.000000 0.914200
vn 0.846400 0.377900 0.375200
vn 0.405200 0.000000 -0.914200
vn -0.846400 -0.377900 -0.375200
vn -0.345500 0.925900 -0.153100
vn 0.345500 -0.925900 0.153100
usemtl mmd_tools_rigid_9
s off
f 42//31 44//31 43//31 41//31
f 44//32 48//32 47//32 43//32
f 48//33 46//33 45//33 47//33
f 46//34 42//34 41//34 45//34
f 41//35 43//35 47//35 45//35
f 46//36 48//36 44//36 42//36
o sk_17_0_Cube.137
v 0.086290 1.002119 0.065687
v 0.139051 0.867331 0.089012
v 0.161965 1.037530 0.099143
v 0.214726 0.902742 0.122468
v 0.124798 1.002119 -0.021417
v 0.177559 0.867331 0.001908
v 0.200474 1.037530 0.012039
v 0.253234 0.902742 0.035364
vn -0.404300 0.000000 0.914600
vn 0.840800 0.393500 0.371700
vn 0.404300 -0.000000 -0.914600
vn -0.840800 -0.393500 -0.371700
vn -0.359900 0.919300 -0.159100
vn 0.359900 -0.919300 0.159100
usemtl mmd_tools_rigid_9
s off
f 50//37 52//37 51//37 49//37
f 52//38 56//38 55//38 51//38
f 56//39 54//39 53//39 55//39
f 54//40 50//40 49//40 53//40
f 49//41 51//41 55//41 53//41
f 54//42 56//42 52//42 50//42
o sk_16_6_Cube.136
v 0.200268 0.396227 0.262522
v 0.233393 0.260318 0.292185
v 0.263991 0.424213 0.319585
v 0.297116 0.288304 0.349247
v 0.317613 0.396227 0.131479
v 0.350738 0.260318 0.161142
v 0.381337 0.424213 0.188542
v 0.414462 0.288304 0.218205
vn -0.667100 0.000000 0.745000
vn 0.708000 0.311000 0.634000
vn 0.667100 -0.000000 -0.745000
vn -0.708000 -0.311000 -0.634000
vn -0.231600 0.950400 -0.207400
vn 0.231600 -0.950400 0.207400
usemtl mmd_tools_rigid_9
s off
f 58//43 60//43 59//43 57//43
f 60//44 64//44 63//44 59//44
f 64//45 62//45 61//45 63//45
f 62//46 58//46 57//46 61//46
f 57//47 59//47 63//47 61//47
f 62//48 64//48 60//48 58//48
o sk_16_5_Cube.135
v 0.180649 0.497259 0.230407
v 0.214734 0.361508 0.262004
v 0.243093 0.526411 0.288294
v 0.277177 0.390660 0.319891
v 0.292088 0.497259 0.110196
v 0.326172 0.361508 0.141793
v 0.354532 0.526411 0.168083
v 0.388616 0.390660 0.199680
vn -0.679800 -0.000000 0.733400
vn 0.693800 0.323900 0.643200
vn 0.679800 -0.000000 -0.733400
vn -0.693800 -0.323900 -0.643200
vn -0.237500 0.946100 -0.220200
vn 0.237500 -0.946100 0.220200
usemtl mmd_tools_rigid_9
s off
f 66//49 68//49 67//49 65//49
f 68//50 72//50 71//50 67//50
f 72//51 70//51 69//51 71//51
f 70//52 66//52 65//52 69//52
f 65//53 67//53 71//53 69//53
f 70//54 72//54 68//54 66//54
o sk_16_4_Cube.134
v 0.159139 0.598360 0.198565
v 0.194018 0.462753 0.231969
v 0.220371 0.628555 0.257208
v 0.255249 0.492947 0.290612
v 0.263937 0.598360 0.089141
v 0.298815 0.462753 0.122545
v 0.325169 0.628555 0.147784
v 0.360047 0.492947 0.181188
vn -0.691700 0.000000 0.722200
vn 0.680400 0.335500 0.651600
vn 0.691700 0.000000 -0.722200
vn -0.680400 -0.335500 -0.651600
vn -0.242300 0.942000 -0.232100
vn 0.242300 -0.942000 0.232100
usemtl mmd_tools_rigid_9
s off
f 74//55 76//55 75//55 73//55
f 76//56 80//56 79//56 75//56
f 80//57 78//57 77//57 79//57
f 78//58 74//58 73//58 77//58
f 73//59 75//59 79//59 77//59
f 78//60 80//60 76//60 74//60
o sk_16_3_Cube.133
v 0.135787 0.699514 0.167282
v 0.171352 0.564044 0.202359
v 0.195908 0.730651 0.226578
v 0.231472 0.595181 0.261655
v 0.233224 0.699514 0.068491
v 0.268788 0.564044 0.103567
v 0.293344 0.730651 0.127787
v 0.328909 0.595181 0.162863
vn -0.702200 0.000000 0.712000
vn 0.668000 0.346000 0.658800
vn 0.702200 0.000000 -0.712000
vn -0.668000 -0.346000 -0.658800
vn -0.246300 0.938200 -0.242900
vn 0.246300 -0.938200 0.242900
usemtl mmd_tools_rigid_9
s off
f 82//61 84//61 83//61 81//61
f 84//62 88//62 87//62 83//62
f 88//63 86//63 85//63 87//63
f 86//64 82//64 81//64 85//64
f 81//65 83//65 87//65 85//65
f 86//66 88//66 84//66 82//66
o sk_16_2_Cube.132
v 0.110640 0.800729 0.136890
v 0.146822 0.665384 0.173445
v 0.169823 0.832700 0.196683
v 0.206005 0.697354 0.233238
v 0.199992 0.800729 0.048450
v 0.236174 0.665384 0.085005
v 0.259175 0.832700 0.108243
v 0.295357 0.697354 0.144798
vn -0.710700 0.000000 0.703500
vn 0.657600 0.355200 0.664400
vn 0.710700 0.000000 -0.703500
vn -0.657600 -0.355200 -0.664400
vn -0.249900 0.934800 -0.252500
vn 0.249900 -0.934800 0.252500
usemtl mmd_tools_rigid_9
s off
f 90//67 92//67 91//67 89//67
f 92//68 96//68 95//68 91//68
f 96//69 94//69 93//69 95//69
f 94//70 90//70 89//70 93//70
f 89//71 91//71 95//71 93//71
f 94//72 96//72 92//72 90//72
o sk_16_1_Cube.131
v 0.083697 0.901991 0.107764
v 0.120539 0.766763 0.145541
v 0.142236 0.934708 0.167788
v 0.179078 0.799480 0.205565
v 0.164213 0.901991 0.029239
v 0.201056 0.766763 0.067016
v 0.222752 0.934708 0.089262
v 0.259595 0.799480 0.127040
vn -0.715900 -0.000000 0.698200
vn 0.650400 0.363500 0.666900
vn 0.715900 0.000000 -0.698200
vn -0.650400 -0.363500 -0.666900
vn -0.253800 0.931600 -0.260200
vn 0.253800 -0.931600 0.260200
usemtl mmd_tools_rigid_9
s off
f 98//73 100//73 99//73 97//73
f 100//74 104//74 103//74 99//74
f 104//75 102//75 101//75 103//75
f 102//76 98//76 97//76 101//76
f 97//77 99//77 103//77 101//77
f 102//78 104//78 100//78 98//78
o sk_16_0_Cube.130
v 0.054895 1.003300 0.080407
v 0.092616 0.868181 0.118994
v 0.113322 1.036680 0.140174
v 0.151043 0.901561 0.178761
v 0.125740 1.003300 0.011152
v 0.163461 0.868181 0.049739
v 0.184166 1.036680 0.070919
v 0.221887 0.901561 0.109506
vn -0.715100 -0.000000 0.699000
vn 0.649200 0.370900 0.664100
vn 0.715100 0.000000 -0.699000
vn -0.649200 -0.370900 -0.664100
vn -0.259300 0.928700 -0.265200
vn 0.259300 -0.928700 0.265200
usemtl mmd_tools_rigid_9
s off
f 106//79 108//79 107//79 105//79
f 108//80 112//80 111//80 107//80
f 112//81 110//81 109//81 111//81
f 110//82 106//82 105//82 109//82
f 105//83 107//83 111//83 109//83
f 110//84 112//84 108//84 106//84
o sk_15_6_Cube.129
v 0.090375 0.394666 0.307444
v 0.113814 0.259138 0.350734
v 0.130653 0.425393 0.381832
v 0.154093 0.289865 0.425122
v 0.247144 0.394666 0.222560
v 0.270583 0.259138 0.265849
v 0.287422 0.425393 0.296947
v 0.310862 0.289865 0.340237
vn -0.879400 -0.000000 0.476100
vn 0.447500 0.341400 0.826500
vn 0.879400 0.000000 -0.476100
vn -0.447500 -0.341400 -0.826500
vn -0.162600 0.939900 -0.300200
vn 0.162600 -0.939900 0.300200
usemtl mmd_tools_rigid_9
s off
f 114//85 116//85 115//85 113//85
f 116//86 120//86 119//86 115//86
f 120//87 118//87 117//87 119//87
f 118//88 114//88 113//88 117//88
f 113//89 115//89 119//89 117//89
f 118//90 120//90 116//90 114//90
o sk_15_5_Cube.128
v 0.080418 0.496124 0.269002
v 0.103569 0.360658 0.313266
v 0.119554 0.527261 0.343827
v 0.142706 0.391795 0.388091
v 0.228856 0.496124 0.191364
v 0.252007 0.360658 0.235627
v 0.267992 0.527261 0.266189
v 0.291144 0.391795 0.310452
vn -0.886100 0.000000 0.463500
vn 0.434800 0.346000 0.831400
vn 0.886100 -0.000000 -0.463500
vn -0.434800 -0.346000 -0.831400
vn -0.160300 0.938200 -0.306600
vn 0.160300 -0.938200 0.306600
usemtl mmd_tools_rigid_9
s off
f 122//91 124//91 123//91 121//91
f 124//92 128//92 127//92 123//92
f 128//93 126//93 125//93 127//93
f 126//94 122//94 121//94 125//94
f 121//95 123//95 127//95 125//95
f 126//96 128//96 124//96 122//96
o sk_15_4_Cube.127
v 0.069427 0.597684 0.230949
v 0.092178 0.462251 0.275887
v 0.107528 0.629056 0.306208
v 0.130279 0.493624 0.351147
v 0.208596 0.597684 0.160492
v 0.231347 0.462251 0.205431
v 0.246697 0.629056 0.235752
v 0.269448 0.493624 0.280691
vn -0.892200 0.000000 0.451700
vn 0.423300 0.348600 0.836200
vn 0.892200 -0.000000 -0.451700
vn -0.423300 -0.348600 -0.836200
vn -0.157400 0.937300 -0.311000
vn 0.157400 -0.937300 0.311000
usemtl mmd_tools_rigid_9
s off
f 130//97 132//97 131//97 129//97
f 132//98 136//98 135//98 131//98
f 136//99 134//99 133//99 135//99
f 134//100 130//100 129//100 133//100
f 129//101 131//101 135//101 133//101
f 134//102 136//102 132//102 130//102
o sk_15_3_Cube.126
v 0.057414 0.699335 0.193612
v 0.079695 0.563913 0.238933
v 0.094619 0.730782 0.269288
v 0.116900 0.595360 0.314609
v 0.186409 0.699335 0.130195
v 0.208690 0.563913 0.175516
v 0.223613 0.730782 0.205871
v 0.245894 0.595360 0.251192
vn -0.897400 0.000000 0.441200
vn 0.413400 0.349400 0.840800
vn 0.897400 0.000000 -0.441200
vn -0.413400 -0.349400 -0.840800
vn -0.154200 0.937000 -0.313600
vn 0.154200 -0.937000 0.313600
usemtl mmd_tools_rigid_9
s off
f 138//103 140//103 139//103 137//103
f 140//104 144//104 143//104 139//104
f 144//105 142//105 141//105 143//105
f 142//106 138//106 137//106 141//106
f 137//107 139//107 143//107 141//107
f 142//108 144//108 140//108 138//108
o sk_15_2_Cube.125
v 0.044381 0.801076 0.157337
v 0.066169 0.665642 0.202735
v 0.080881 0.832441 0.233389
v 0.102669 0.697007 0.278787
v 0.162327 0.801076 0.100731
v 0.184115 0.665642 0.146128
v 0.198827 0.832441 0.176783
v 0.220615 0.697007 0.222181
vn -0.901500 0.000000 0.432700
vn 0.405600 0.348500 0.845000
vn 0.901500 -0.000000 -0.432700
vn -0.405600 -0.348500 -0.845000
vn -0.150800 0.937300 -0.314200
vn 0.150800 -0.937300 0.314200
usemtl mmd_tools_rigid_9
s off
f 146//109 148//109 147//109 145//109
f 148//110 152//110 151//110 147//110
f 152//111 150//111 149//111 151//111
f 150//112 146//112 145//112 149//112
f 145//113 147//113 151//113 149//113
f 150//114 152//114 148//114 146//114
o sk_15_1_Cube.124
v 0.030288 0.902898 0.122497
v 0.051644 0.767433 0.167660
v 0.066385 0.934039 0.198833
v 0.087742 0.798574 0.243996
v 0.136326 0.902898 0.072354
v 0.157682 0.767433 0.117517
v 0.172423 0.934039 0.148690
v 0.193780 0.798574 0.193853
vn -0.904000 0.000000 0.427500
vn 0.401100 0.346000 0.848200
vn 0.904000 -0.000000 -0.427500
vn -0.401100 -0.346000 -0.848200
vn -0.147900 0.938200 -0.312800
vn 0.147900 -0.938200 0.312800
usemtl mmd_tools_rigid_9
s off
f 154//115 156//115 155//115 153//115
f 156//116 160//116 159//116 155//116
f 160//117 158//117 157//117 159//117
f 158//118 154//118 153//118 157//118
f 153//119 155//119 159//119 157//119
f 158//120 160//120 156//120 154//120
o sk_15_0_Cube.123
v 0.015026 1.004796 0.089539
v 0.036151 0.869283 0.134109
v 0.051249 1.035578 0.165962
v 0.072374 0.900065 0.210532
v 0.108283 1.004796 0.045338
v 0.129408 0.869283 0.089908
v 0.144506 1.035578 0.121760
v 0.165631 0.900065 0.166330
vn -0.903600 0.000000 0.428300
vn 0.402500 0.342000 0.849100
vn 0.903600 0.000000 -0.428300
vn -0.402500 -0.342000 -0.849100
vn -0.146500 0.939700 -0.309100
vn 0.146500 -0.939700 0.309100
usemtl mmd_tools_rigid_9
s off
f 162//121 164//121 163//121 161//121
f 164//122 168//122 167//122 163//122
f 168//123 166//123 165//123 167//123
f 166//124 162//124 161//124 165//124
f 161//125 163//125 167//125 165//125
f 166//126 168//126 164//126 162//126
o sk_14_6_Cube.122
v -0.030217 0.393743 0.315981
v -0.021629 0.258456 0.367344
v -0.016366 0.426075 0.398823
v -0.007778 0.290788 0.450186
v 0.147126 0.393743 0.286329
v 0.155713 0.258456 0.337693
v 0.160977 0.426075 0.369171
v 0.169565 0.290788 0.420535
vn -0.986300 -0.000000 0.164900
vn 0.153900 0.359200 0.920500
vn 0.986300 0.000000 -0.164900
vn -0.153900 -0.359200 -0.920500
vn -0.059200 0.933200 -0.354300
vn 0.059200 -0.933200 0.354300
usemtl mmd_tools_rigid_9
s off
f 170//127 172//127 171//127 169//127
f 172//128 176//128 175//128 171//128
f 176//129 174//129 173//129 175//129
f 174//130 170//130 169//130 173//130
f 169//131 171//131 175//131 173//131
f 174//132 176//132 172//132 170//132
o sk_14_5_Cube.121
v -0.030150 0.495435 0.275838
v -0.021846 0.360150 0.327253
v -0.016758 0.527769 0.358755
v -0.008454 0.392484 0.410169
v 0.137496 0.495435 0.248762
v 0.145800 0.360150 0.300177
v 0.150888 0.527769 0.331679
v 0.159192 0.392484 0.383093
vn -0.987200 -0.000000 0.159400
vn 0.148800 0.359300 0.921300
vn 0.987200 0.000000 -0.159400
vn -0.148800 -0.359300 -0.921300
vn -0.057300 0.933200 -0.354700
vn 0.057300 -0.933200 0.354700
usemtl mmd_tools_rigid_9
s off
f 178//133 180//133 179//133 177//133
f 180//134 184//134 183//134 179//134
f 184//135 182//135 181//135 183//135
f 182//136 178//136 177//136 181//136
f 177//137 179//137 183//137 181//137
f 182//138 184//138 180//138 178//138
o sk_14_4_Cube.120
v -0.030100 0.597264 0.236114
v -0.022120 0.461941 0.287161
v -0.017114 0.629366 0.319185
v -0.009134 0.494043 0.370232
v 0.126824 0.597264 0.211583
v 0.134804 0.461941 0.262630
v 0.139810 0.629366 0.294654
v 0.147790 0.494043 0.345701
vn -0.988000 0.000000 0.154400
vn 0.144300 0.356700 0.923000
vn 0.988000 -0.000000 -0.154400
vn -0.144300 -0.356700 -0.923000
vn -0.055100 0.934200 -0.352400
vn 0.055100 -0.934200 0.352400
usemtl mmd_tools_rigid_9
s off
f 186//139 188//139 187//139 185//139
f 188//140 192//140 191//140 187//140
f 192//141 190//141 189//141 191//141
f 190//142 186//142 185//142 189//142
f 185//143 187//143 191//143 189//143
f 190//144 192//144 188//144 186//144
o sk_14_3_Cube.119
v -0.030081 0.699220 0.197140
v -0.022448 0.563829 0.247419
v -0.017436 0.730866 0.280438
v -0.009804 0.595476 0.330717
v 0.115142 0.699220 0.175095
v 0.122774 0.563829 0.225374
v 0.127786 0.730866 0.258393
v 0.135419 0.595476 0.308673
vn -0.988700 0.000000 0.150100
vn 0.140500 0.351600 0.925500
vn 0.988700 0.000000 -0.150100
vn -0.140500 -0.351600 -0.925500
vn -0.052800 0.936100 -0.347600
vn 0.052800 -0.936100 0.347600
usemtl mmd_tools_rigid_9
s off
f 194//145 196//145 195//145 193//145
f 196//146 200//146 199//146 195//146
f 200//147 198//147 197//147 199//147
f 198//148 194//148 193//148 197//148
f 193//149 195//149 199//149 197//149
f 198//150 200//150 196//150 194//150
o sk_14_2_Cube.118
v -0.030108 0.801308 0.159261
v -0.022832 0.665816 0.208364
v -0.017720 0.832268 0.242856
v -0.010444 0.696776 0.291958
v 0.102476 0.801308 0.139614
v 0.109752 0.665816 0.188716
v 0.114864 0.832268 0.223208
v 0.122140 0.696776 0.272310
vn -0.989200 0.000000 0.146600
vn 0.137600 0.344000 0.928800
vn 0.989200 -0.000000 -0.146600
vn -0.137600 -0.344000 -0.928800
vn -0.050400 0.939000 -0.340300
vn 0.050400 -0.939000 0.340300
usemtl mmd_tools_rigid_9
s off
f 202//151 204//151 203//151 201//151
f 204//152 208//152 207//152 203//152
f 208//153 206//153 205//153 207//153
f 206//154 202//154 201//154 205//154
f 201//155 203//155 207//155 205//155
f 206//156 208//156 204//156 202//156
o sk_14_1_Cube.117
v -0.030215 0.903526 0.122827
v -0.023276 0.767904 0.170348
v -0.017957 0.933568 0.206775
v -0.011019 0.797946 0.254296
v 0.088837 0.903526 0.105444
v 0.095775 0.767904 0.152964
v 0.101094 0.933568 0.189392
v 0.108033 0.797946 0.236912
vn -0.989500 0.000000 0.144500
vn 0.136200 0.333800 0.932800
vn 0.989500 0.000000 -0.144500
vn -0.136200 -0.333800 -0.932800
vn -0.048200 0.942600 -0.330300
vn 0.048200 -0.942600 0.330300
usemtl mmd_tools_rigid_9
s off
f 210//157 212//157 211//157 209//157
f 212//158 216//158 215//158 211//158
f 216//159 214//159 213//159 215//159
f 214//160 210//160 209//160 213//160
f 209//161 211//161 215//161 213//161
f 214//162 216//162 212//162 210//162
o sk_14_0_Cube.116
v -0.030468 1.005877 0.088212
v -0.023802 0.870098 0.133738
v -0.018119 1.034762 0.172551
v -0.011453 0.898983 0.218077
v 0.074195 1.005877 0.072887
v 0.080861 0.870098 0.118413
v 0.086544 1.034762 0.157226
v 0.093210 0.898983 0.202753
vn -0.989500 -0.000000 0.144900
vn 0.137200 0.320900 0.937100
vn 0.989500 0.000000 -0.144900
vn -0.137200 -0.320900 -0.937100
vn -0.046500 0.947100 -0.317600
vn 0.046500 -0.947100 0.317600
usemtl mmd_tools_rigid_9
s off
f 218//163 220//163 219//163 217//163
f 220//164 224//164 223//164 219//164
f 224//165 222//165 221//165 223//165
f 222//166 218//166 217//166 221//166
f 217//167 219//167 223//167 221//167
f 222//168 224//168 220//168 218//168
o sk_13_6_Cube.115
v -0.147606 0.393743 0.286786
v -0.155892 0.258456 0.338200
v -0.160970 0.426075 0.369708
v -0.169255 0.290788 0.421122
v 0.029907 0.393743 0.315394
v 0.021622 0.258456 0.366807
v 0.016544 0.426075 0.398316
v 0.008258 0.290788 0.449730
vn -0.987300 0.000000 -0.159100
vn -0.148500 0.359200 0.921400
vn 0.987300 0.000000 0.159100
vn 0.148500 -0.359200 -0.921400
vn 0.057200 0.933200 -0.354700
vn -0.057200 -0.933200 0.354700
usemtl mmd_tools_rigid_9
s off
f 226//169 228//169 227//169 225//169
f 228//170 232//170 231//170 227//170
f 232//171 230//171 229//171 231//171
f 230//172 226//172 225//172 229//172
f 225//173 227//173 231//173 229//173
f 230//174 232//174 228//174 226//174
o sk_13_5_Cube.114
v -0.137954 0.495435 0.249179
v -0.145965 0.360150 0.300640
v -0.150874 0.527769 0.332170
v -0.158885 0.392484 0.383631
v 0.029843 0.495435 0.275300
v 0.021832 0.360150 0.326761
v 0.016923 0.527769 0.358292
v 0.008912 0.392484 0.409753
vn -0.988100 -0.000000 -0.153800
vn -0.143600 0.359300 0.922100
vn 0.988100 -0.000000 0.153800
vn 0.143600 -0.359300 -0.922100
vn 0.055300 0.933200 -0.355000
vn -0.055300 -0.933200 0.355000
usemtl mmd_tools_rigid_9
s off
f 234//175 236//175 235//175 233//175
f 236//176 240//176 239//176 235//176
f 240//177 238//177 237//177 239//177
f 238//178 234//178 233//178 237//178
f 233//179 235//179 239//179 237//179
f 238//180 240//180 236//180 234//180
o sk_13_4_Cube.113
v -0.127261 0.597264 0.211959
v -0.134959 0.461941 0.263049
v -0.139788 0.629366 0.295101
v -0.147486 0.494043 0.346191
v 0.029796 0.597264 0.235624
v 0.022098 0.461941 0.286714
v 0.017269 0.629366 0.318766
v 0.009571 0.494043 0.369855
vn -0.988800 0.000000 -0.149000
vn -0.139200 0.356700 0.923800
vn 0.988800 0.000000 0.149000
vn 0.139200 -0.356700 -0.923800
vn 0.053100 0.934200 -0.352700
vn -0.053100 -0.934200 0.352700
usemtl mmd_tools_rigid_9
s off
f 242//181 244//181 243//181 241//181
f 244//182 248//182 247//182 243//182
f 248//183 246//183 245//183 247//183
f 246//184 242//184 241//184 245//184
f 241//185 243//185 247//185 245//185
f 246//186 248//186 244//186 242//186
o sk_13_3_Cube.112
v -0.115557 0.699220 0.175431
v -0.122920 0.563829 0.225750
v -0.127756 0.730866 0.258796
v -0.135119 0.595476 0.309115
v 0.029781 0.699220 0.196697
v 0.022418 0.563829 0.247017
v 0.017582 0.730866 0.280062
v 0.010220 0.595476 0.330382
vn -0.989500 -0.000000 -0.144800
vn -0.135500 0.351600 0.926300
vn 0.989500 0.000000 0.144800
vn 0.135500 -0.351600 -0.926300
vn 0.050900 0.936100 -0.347900
vn -0.050900 -0.936100 0.347900
usemtl mmd_tools_rigid_9
s off
f 250//187 252//187 251//187 249//187
f 252//188 256//188 255//188 251//188
f 256//189 254//189 253//189 255//189
f 254//190 250//190 249//190 253//190
f 249//191 251//191 255//191 253//191
f 254//192 256//192 252//192 250//192
o sk_13_2_Cube.111
v -0.102874 0.801308 0.139911
v -0.109893 0.665816 0.189050
v -0.114824 0.832268 0.223569
v -0.121843 0.696776 0.272709
v 0.029811 0.801308 0.158863
v 0.022792 0.665816 0.208003
v 0.017861 0.832268 0.242521
v 0.010842 0.696776 0.291661
vn -0.990000 0.000000 -0.141400
vn -0.132800 0.344000 0.929500
vn 0.990000 -0.000000 0.141400
vn 0.132800 -0.344000 -0.929500
vn 0.048600 0.939000 -0.340500
vn -0.048600 -0.939000 0.340500
usemtl mmd_tools_rigid_9
s off
f 258//193 260//193 259//193 257//193
f 260//194 264//194 263//194 259//194
f 264//195 262//195 261//195 263//195
f 262//196 258//196 257//196 261//196
f 257//197 259//197 263//197 261//197
f 262//198 264//198 260//198 258//198
o sk_13_1_Cube.110
v -0.089220 0.903526 0.105703
v -0.095913 0.767904 0.153258
v -0.101044 0.933568 0.189713
v -0.107738 0.797946 0.237268
v 0.029920 0.903526 0.122472
v 0.023226 0.767904 0.170027
v 0.018095 0.933568 0.206482
v 0.011402 0.797946 0.254037
vn -0.990200 0.000000 -0.139400
vn -0.131400 0.333800 0.933400
vn 0.990200 -0.000000 0.139400
vn 0.131400 -0.333800 -0.933400
vn 0.046500 0.942600 -0.330500
vn -0.046500 -0.942600 0.330500
usemtl mmd_tools_rigid_9
s off
f 266//199 268//199 267//199 265//199
f 268//200 272//200 271//200 267//200
f 272//201 270//201 269//201 271//201
f 270//202 266//202 265//202 269//202
f 265//203 267//203 271//203 269//203
f 270//204 272//204 268//204 266//204
o sk_13_0_Cube.109
v -0.074574 1.005877 0.073112
v -0.081002 0.870098 0.118672
v -0.086482 1.034762 0.157515
v -0.092909 0.898983 0.203075
v 0.030168 1.005877 0.087889
v 0.023740 0.870098 0.133449
v 0.018260 1.034762 0.172292
v 0.011833 0.898983 0.217852
vn -0.990200 -0.000000 -0.139700
vn -0.132300 0.320900 0.937800
vn 0.990200 -0.000000 0.139700
vn 0.132300 -0.320900 -0.937800
vn 0.044800 0.947100 -0.317800
vn -0.044800 -0.947100 0.317800
usemtl mmd_tools_rigid_9
s off
f 274//205 276//205 275//205 273//205
f 276//206 280//206 279//206 275//206
f 280//207 278//207 277//207 279//207
f 278//208 274//208 273//208 277//208
f 273//209 275//209 279//209 277//209
f 278//210 280//210 276//210 274//210
o sk_12_6_Cube.108
v -0.247756 0.394668 0.222844
v -0.270932 0.259138 0.266272
v -0.287584 0.425392 0.297475
v -0.310760 0.289863 0.340902
v -0.090477 0.394668 0.306779
v -0.113652 0.259138 0.350206
v -0.130304 0.425392 0.381409
v -0.153480 0.289863 0.424837
vn -0.882200 -0.000000 -0.470800
vn -0.442500 0.341400 0.829200
vn 0.882200 0.000000 0.470800
vn 0.442500 -0.341400 -0.829200
vn 0.160700 0.939900 -0.301200
vn -0.160700 -0.939900 0.301200
usemtl mmd_tools_rigid_9
s off
f 282//211 284//211 283//211 281//211
f 284//212 288//212 287//212 283//212
f 288//213 286//213 285//213 287//213
f 286//214 282//214 281//214 285//214
f 281//215 283//215 287//215 285//215
f 286//216 288//216 284//216 282//216
o sk_12_5_Cube.107
v -0.229438 0.496122 0.191620
v -0.252328 0.360657 0.236023
v -0.268129 0.527262 0.266675
v -0.291019 0.391797 0.311078
v -0.080542 0.496122 0.268377
v -0.103432 0.360657 0.312780
v -0.119234 0.527262 0.343432
v -0.142124 0.391797 0.387835
vn -0.888800 0.000000 -0.458200
vn -0.429900 0.346000 0.833900
vn 0.888800 -0.000000 0.458200
vn 0.429900 -0.346000 -0.833900
vn 0.158500 0.938200 -0.307500
vn -0.158500 -0.938200 0.307500
usemtl mmd_tools_rigid_9
s off
f 290//217 292//217 291//217 289//217
f 292//218 296//218 295//218 291//218
f 296//219 294//219 293//219 295//219
f 294//220 290//220 289//220 293//220
f 289//221 291//221 295//221 293//221
f 294//222 296//222 292//222 290//222
o sk_12_4_Cube.106
v -0.209149 0.597685 0.160722
v -0.231638 0.462251 0.205790
v -0.246813 0.629056 0.236203
v -0.269301 0.493622 0.281270
v -0.069574 0.597685 0.230369
v -0.092062 0.462251 0.275437
v -0.107237 0.629056 0.305850
v -0.129725 0.493622 0.350917
vn -0.894800 0.000000 -0.446500
vn -0.418500 0.348600 0.838700
vn 0.894800 0.000000 0.446500
vn 0.418500 -0.348600 -0.838700
vn 0.155600 0.937300 -0.311900
vn -0.155600 -0.937300 0.311900
usemtl mmd_tools_rigid_9
s off
f 298//223 300//223 299//223 297//223
f 300//224 304//224 303//224 299//224
f 304//225 302//225 301//225 303//225
f 302//226 298//226 297//226 301//226
f 297//227 299//227 303//227 301//227
f 302//228 304//228 300//228 298//228
o sk_12_3_Cube.105
v -0.186937 0.699336 0.130397
v -0.208957 0.563913 0.175842
v -0.223708 0.730782 0.206285
v -0.245727 0.595359 0.251730
v -0.057581 0.699336 0.193074
v -0.079601 0.563913 0.238519
v -0.094352 0.730782 0.268962
v -0.116371 0.595359 0.314407
vn -0.899900 -0.000000 -0.436000
vn -0.408600 0.349400 0.843200
vn 0.899900 0.000000 0.436000
vn 0.408600 -0.349400 -0.843200
vn 0.152400 0.937000 -0.314400
vn -0.152400 -0.937000 0.314400
usemtl mmd_tools_rigid_9
s off
f 306//229 308//229 307//229 305//229
f 308//230 312//230 311//230 307//230
f 312//231 310//231 309//231 311//231
f 310//232 306//232 305//232 309//232
f 305//233 307//233 311//233 309//233
f 310//234 312//234 308//234 306//234
o sk_12_2_Cube.104
v -0.162828 0.801076 0.100900
v -0.184360 0.665642 0.146420
v -0.198899 0.832441 0.177157
v -0.220431 0.697007 0.222677
v -0.044565 0.801076 0.156841
v -0.066097 0.665642 0.202361
v -0.080636 0.832441 0.233098
v -0.102167 0.697007 0.278618
vn -0.904000 0.000000 -0.427600
vn -0.400800 0.348500 0.847300
vn 0.904000 -0.000000 0.427600
vn 0.400800 -0.348500 -0.847300
vn 0.149000 0.937300 -0.315000
vn -0.149000 -0.937300 0.315000
usemtl mmd_tools_rigid_9
s off
f 314//235 316//235 315//235 313//235
f 316//236 320//236 319//236 315//236
f 320//237 318//237 317//237 319//237
f 318//238 314//238 313//238 317//238
f 313//239 315//239 319//239 317//239
f 318//240 320//240 316//240 314//240
o sk_12_1_Cube.103
v -0.136804 0.902898 0.072491
v -0.157908 0.767433 0.117772
v -0.172475 0.934039 0.149027
v -0.193580 0.798574 0.194308
v -0.030488 0.902898 0.122042
v -0.051592 0.767433 0.167323
v -0.066159 0.934039 0.198578
v -0.087264 0.798574 0.243859
vn -0.906400 0.000000 -0.422400
vn -0.396300 0.346000 0.850400
vn 0.906400 0.000000 0.422400
vn 0.396300 -0.346000 -0.850400
vn 0.146200 0.938200 -0.313600
vn -0.146200 -0.938200 0.313600
usemtl mmd_tools_rigid_9
s off
f 322//241 324//241 323//241 321//241
f 324//242 328//242 327//242 323//242
f 328//243 326//243 325//243 327//243
f 326//244 322//244 321//244 325//244
f 321//245 323//245 327//245 325//245
f 326//246 328//246 324//246 322//246
o sk_12_0_Cube.102
v -0.108744 1.004796 0.045439
v -0.129620 0.869283 0.090126
v -0.144539 1.035578 0.122063
v -0.165415 0.900065 0.166750
v -0.015242 1.004796 0.089119
v -0.036118 0.869283 0.133807
v -0.051037 1.035578 0.165743
v -0.071913 0.900065 0.210430
vn -0.906000 0.000000 -0.423300
vn -0.397700 0.342000 0.851400
vn 0.906000 0.000000 0.423300
vn 0.397700 -0.342000 -0.851400
vn 0.144800 0.939700 -0.309900
vn -0.144800 -0.939700 0.309900
usemtl mmd_tools_rigid_9
s off
f 330//247 332//247 331//247 329//247
f 332//248 336//248 335//248 331//248
f 336//249 334//249 333//249 335//249
f 334//250 330//250 329//250 333//250
f 329//251 331//251 335//251 333//251
f 334//252 336//252 332//252 330//252
o sk_11_6_Cube.101
v -0.318305 0.396227 0.131547
v -0.351240 0.260318 0.161418
v -0.381665 0.424212 0.189013
v -0.414600 0.288303 0.218885
v -0.200130 0.396227 0.261842
v -0.233065 0.260318 0.291714
v -0.263490 0.424212 0.319308
v -0.296425 0.288303 0.349180
vn -0.671800 0.000000 -0.740700
vn -0.704000 0.310900 0.638500
vn 0.671800 0.000000 0.740700
vn 0.704000 -0.310900 -0.638500
vn 0.230300 0.950400 -0.208900
vn -0.230300 -0.950400 0.208900
usemtl mmd_tools_rigid_9
s off
f 338//253 340//253 339//253 337//253
f 340//254 344//254 343//254 339//254
f 344//255 342//255 341//255 343//255
f 342//256 338//256 337//256 341//256
f 337//257 339//257 343//257 341//257
f 342//258 344//258 340//258 338//258
o sk_11_5_Cube.100
v -0.292755 0.497259 0.110246
v -0.326638 0.361508 0.142059
v -0.354829 0.526411 0.168529
v -0.388712 0.390660 0.200343
v -0.180554 0.497259 0.229744
v -0.214436 0.361508 0.261558
v -0.242628 0.526411 0.288028
v -0.276510 0.390660 0.319841
vn -0.684500 -0.000000 -0.729000
vn -0.689700 0.323900 0.647600
vn 0.684500 -0.000000 0.729000
vn 0.689700 -0.323900 -0.647600
vn 0.236100 0.946100 -0.221700
vn -0.236100 -0.946100 0.221700
usemtl mmd_tools_rigid_9
s off
f 346//259 348//259 347//259 345//259
f 348//260 352//260 351//260 347//260
f 352//261 350//261 349//261 351//261
f 350//262 346//262 345//262 349//262
f 345//263 347//263 351//263 349//263
f 350//264 352//264 348//264 346//264
o sk_11_4_Cube.099
v -0.264580 0.598360 0.089171
v -0.299244 0.462753 0.122796
v -0.325436 0.628555 0.148203
v -0.360100 0.492947 0.181829
v -0.159086 0.598360 0.197924
v -0.193751 0.462753 0.231549
v -0.219942 0.628555 0.256956
v -0.254607 0.492947 0.290582
vn -0.696300 0.000000 -0.717800
vn -0.676200 0.335500 0.655900
vn 0.696300 -0.000000 0.717800
vn 0.676200 -0.335500 -0.655900
vn 0.240800 0.942000 -0.233600
vn -0.240800 -0.942000 0.233600
usemtl mmd_tools_rigid_9
s off
f 354//265 356//265 355//265 353//265
f 356//266 360//266 359//266 355//266
f 360//267 358//267 357//267 359//267
f 358//268 354//268 353//268 357//268
f 353//269 355//269 359//269 357//269
f 358//270 360//270 356//270 354//270
o sk_11_3_Cube.098
v -0.233839 0.699514 0.068498
v -0.269179 0.564044 0.103801
v -0.293581 0.730651 0.128176
v -0.328921 0.595181 0.163478
v -0.135775 0.699514 0.166667
v -0.171115 0.564044 0.201969
v -0.195517 0.730651 0.226345
v -0.230857 0.595181 0.261647
vn -0.706700 0.000000 -0.707500
vn -0.663800 0.346000 0.663100
vn 0.706700 -0.000000 0.707500
vn 0.663800 -0.346000 -0.663100
vn 0.244800 0.938200 -0.244500
vn -0.244800 -0.938200 0.244500
usemtl mmd_tools_rigid_9
s off
f 362//271 364//271 363//271 361//271
f 364//272 368//272 367//272 363//272
f 368//273 366//273 365//273 367//273
f 366//274 362//274 361//274 365//274
f 361//275 363//275 367//275 365//275
f 366//276 368//276 364//276 362//276
o sk_11_2_Cube.097
v -0.200579 0.800729 0.048432
v -0.236529 0.665383 0.085218
v -0.259381 0.832700 0.108601
v -0.295330 0.697355 0.145386
v -0.110667 0.800729 0.136302
v -0.146616 0.665383 0.173088
v -0.169468 0.832700 0.196471
v -0.205417 0.697355 0.233256
vn -0.715200 0.000000 -0.698900
vn -0.653300 0.355200 0.668500
vn 0.715200 -0.000000 0.698900
vn 0.653300 -0.355200 -0.668500
vn 0.248300 0.934800 -0.254100
vn -0.248300 -0.934800 0.254100
usemtl mmd_tools_rigid_9
s off
f 370//277 372//277 371//277 369//277
f 372//278 376//278 375//278 371//278
f 376//279 374//279 373//279 375//279
f 374//280 370//280 369//280 373//280
f 369//281 371//281 375//281 373//281
f 374//282 376//282 372//282 370//282
o sk_11_1_Cube.096
v -0.164775 0.901991 0.029194
v -0.201376 0.766763 0.067204
v -0.222930 0.934708 0.089589
v -0.259531 0.799480 0.127600
v -0.083760 0.901991 0.107204
v -0.120361 0.766763 0.145215
v -0.141915 0.934708 0.167599
v -0.178517 0.799480 0.205610
vn -0.720300 0.000000 -0.693600
vn -0.646200 0.363500 0.671100
vn 0.720300 0.000000 0.693600
vn 0.646200 -0.363500 -0.671100
vn 0.252100 0.931600 -0.261900
vn -0.252100 -0.931600 0.261900
usemtl mmd_tools_rigid_9
s off
f 378//283 380//283 379//283 377//283
f 380//284 384//284 383//284 379//284
f 384//285 382//285 381//285 383//285
f 382//286 378//286 377//286 381//286
f 377//287 379//287 383//287 381//287
f 382//288 384//288 380//288 378//288
o sk_11_0_Cube.095
v -0.126266 1.003299 0.011074
v -0.163744 0.868180 0.049897
v -0.184316 1.036679 0.071207
v -0.221794 0.901560 0.110031
v -0.054988 1.003299 0.079883
v -0.092466 0.868180 0.118706
v -0.113038 1.036679 0.140016
v -0.150516 0.901560 0.178839
vn -0.719500 -0.000000 -0.694500
vn -0.645000 0.370900 0.668100
vn 0.719500 0.000000 0.694500
vn 0.645000 -0.370900 -0.668100
vn 0.257600 0.928700 -0.266800
vn -0.257600 -0.928700 0.266800
usemtl mmd_tools_rigid_9
s off
f 386//289 388//289 387//289 385//289
f 388//290 392//290 391//290 387//290
f 392//291 390//291 389//291 391//291
f 390//292 386//292 385//292 389//292
f 385//293 387//293 391//293 389//293
f 390//294 392//294 388//294 386//294
o sk_10_6_Cube.094
v -0.350273 0.397788 0.023909
v -0.387253 0.261533 0.038507
v -0.430635 0.422998 0.055632
v -0.467616 0.286743 0.070230
v -0.286462 0.397788 0.185560
v -0.323442 0.261533 0.200158
v -0.366824 0.422998 0.217282
v -0.403805 0.286743 0.231880
vn -0.367200 0.000000 -0.930200
vn -0.892900 0.280100 0.352500
vn 0.367200 0.000000 0.930200
vn 0.892900 -0.280100 -0.352500
vn 0.260500 0.960000 -0.102800
vn -0.260500 -0.960000 0.102800
usemtl mmd_tools_rigid_9
s off
f 394//295 396//295 395//295 393//295
f 396//296 400//296 399//296 395//296
f 400//297 398//297 397//297 399//297
f 398//298 394//298 393//298 397//298
f 393//299 395//299 399//299 397//299
f 398//300 400//300 396//300 394//300
o sk_10_5_Cube.093
v -0.319864 0.498353 0.015664
v -0.359815 0.362344 0.031990
v -0.399274 0.525574 0.048114
v -0.439225 0.389566 0.064440
v -0.259082 0.498353 0.164404
v -0.299033 0.362344 0.180730
v -0.338492 0.525574 0.196855
v -0.378443 0.389566 0.213181
vn -0.378300 0.000000 -0.925700
vn -0.882300 0.302500 0.360600
vn 0.378300 0.000000 0.925700
vn 0.882300 -0.302500 -0.360600
vn 0.280000 0.953200 -0.114400
vn -0.280000 -0.953200 0.114400
usemtl mmd_tools_rigid_9
s off
f 402//301 404//301 403//301 401//301
f 404//302 408//302 407//302 403//302
f 408//303 406//303 405//303 407//303
f 406//304 402//304 401//304 405//304
f 401//305 403//305 407//305 405//305
f 406//306 408//306 404//306 402//306
o sk_10_4_Cube.092
v -0.286517 0.598988 0.007528
v -0.329248 0.463223 0.025569
v -0.364978 0.628084 0.040654
v -0.407709 0.492320 0.058694
v -0.229168 0.598988 0.143369
v -0.271898 0.463223 0.161409
v -0.307629 0.628084 0.176494
v -0.350359 0.492320 0.194534
vn -0.388900 -0.000000 -0.921300
vn -0.871800 0.323300 0.368100
vn 0.388900 0.000000 0.921300
vn 0.871800 -0.323300 -0.368100
vn 0.297800 0.946300 -0.125700
vn -0.297800 -0.946300 0.125700
usemtl mmd_tools_rigid_9
s off
f 410//307 412//307 411//307 409//307
f 412//308 416//308 415//308 411//308
f 416//309 414//309 413//309 415//309
f 414//310 410//310 409//310 413//310
f 409//311 411//311 415//311 413//311
f 414//312 416//312 412//312 410//312
o sk_10_3_Cube.091
v -0.250323 0.699675 -0.000415
v -0.295682 0.564162 0.019305
v -0.327857 0.730533 0.033294
v -0.373216 0.595020 0.053014
v -0.196818 0.699675 0.122653
v -0.242177 0.564162 0.142373
v -0.274352 0.730533 0.156362
v -0.319711 0.595020 0.176082
vn -0.398700 -0.000000 -0.917100
vn -0.861500 0.342900 0.374500
vn 0.398700 0.000000 0.917100
vn 0.861500 -0.342900 -0.374500
vn 0.314400 0.939400 -0.136700
vn -0.314400 -0.939400 0.136700
usemtl mmd_tools_rigid_9
s off
f 418//313 420//313 419//313 417//313
f 420//314 424//314 423//314 419//314
f 424//315 422//315 421//315 423//315
f 422//316 418//316 417//316 421//316
f 417//317 419//317 423//317 421//317
f 422//318 424//318 420//318 418//318
o sk_10_2_Cube.090
v -0.211377 0.800431 -0.008055
v -0.259210 0.665163 0.013248
v -0.288049 0.832921 0.026091
v -0.335882 0.697653 0.047393
v -0.162147 0.800431 0.102491
v -0.209980 0.665163 0.123793
v -0.238818 0.832921 0.136636
v -0.286651 0.697653 0.157938
vn -0.406800 0.000000 -0.913500
vn -0.851900 0.361000 0.379400
vn 0.406800 0.000000 0.913500
vn 0.851900 -0.361000 -0.379400
vn 0.329800 0.932600 -0.146900
vn -0.329800 -0.932600 0.146900
usemtl mmd_tools_rigid_9
s off
f 426//319 428//319 427//319 425//319
f 428//320 432//320 431//320 427//320
f 432//321 430//321 429//321 431//321
f 430//322 426//322 425//322 429//322
f 425//323 427//323 431//323 429//323
f 430//324 432//324 428//324 426//324
o sk_10_1_Cube.089
v -0.169721 0.901244 -0.015245
v -0.219937 0.766220 0.007453
v -0.245652 0.935252 0.019076
v -0.295868 0.800228 0.041773
v -0.125241 0.901244 0.083163
v -0.175457 0.766220 0.105861
v -0.201172 0.935252 0.117484
v -0.251388 0.800228 0.140181
vn -0.411900 -0.000000 -0.911200
vn -0.843700 0.377900 0.381300
vn 0.411900 0.000000 0.911200
vn 0.843700 -0.377900 -0.381300
vn 0.344300 0.925900 -0.155600
vn -0.344300 -0.925900 0.155600
usemtl mmd_tools_rigid_9
s off
f 434//325 436//325 435//325 433//325
f 436//326 440//326 439//326 435//326
f 440//327 438//327 437//327 439//327
f 438//328 434//328 433//328 437//328
f 433//329 435//329 439//329 437//329
f 438//330 440//330 436//330 434//330
o sk_10_0_Cube.088
v -0.125319 1.002106 -0.021748
v -0.177929 0.867329 0.001973
v -0.200741 1.037532 0.012259
v -0.253351 0.902754 0.035980
v -0.086173 1.002106 0.065071
v -0.138783 0.867329 0.088792
v -0.161596 1.037532 0.099078
v -0.214205 0.902754 0.122799
vn -0.411000 0.000000 -0.911600
vn -0.838000 0.393600 0.377900
vn 0.411000 -0.000000 0.911600
vn 0.838000 -0.393600 -0.377900
vn 0.358800 0.919300 -0.161800
vn -0.358800 -0.919300 0.161800
usemtl mmd_tools_rigid_9
s off
f 442//331 444//331 443//331 441//331
f 444//332 448//332 447//332 443//332
f 448//333 446//333 445//333 447//333
f 446//334 442//334 441//334 445//334
f 441//335 443//335 447//335 445//335
f 446//336 448//336 444//336 442//336
o sk_9_6_Cube.087
v -0.339285 0.398466 -0.083706
v -0.377010 0.262072 -0.083578
v -0.426027 0.422458 -0.083413
v -0.463752 0.286065 -0.083285
v -0.338720 0.398466 0.083285
v -0.376446 0.262072 0.083413
v -0.425463 0.422458 0.083578
v -0.463188 0.286065 0.083706
vn -0.003400 -0.000000 -1.000000
vn -0.963800 0.266600 0.003300
vn 0.003400 0.000000 1.000000
vn 0.963800 -0.266600 -0.003300
vn 0.266600 0.963800 -0.000900
vn -0.266600 -0.963800 0.000900
usemtl mmd_tools_rigid_9
s off
f 450//337 452//337 451//337 449//337
f 452//338 456//338 455//338 451//338
f 456//339 454//339 453//339 455//339
f 454//340 450//340 449//340 453//340
f 449//341 451//341 455//341 453//341
f 454//342 456//342 452//342 450//342
o sk_9_5_Cube.086
v -0.307924 0.498811 -0.077375
v -0.349700 0.362701 -0.077229
v -0.393962 0.525218 -0.077075
v -0.435738 0.389108 -0.076929
v -0.307385 0.498811 0.076929
v -0.349161 0.362701 0.077075
v -0.393423 0.525218 0.077229
v -0.435199 0.389108 0.077375
vn -0.003500 0.000000 -1.000000
vn -0.956000 0.293400 0.003300
vn 0.003500 -0.000000 1.000000
vn 0.956000 -0.293400 -0.003300
vn 0.293400 0.956000 -0.001000
vn -0.293400 -0.956000 0.001000
usemtl mmd_tools_rigid_9
s off
f 458//343 460//343 459//343 457//343
f 460//344 464//344 463//344 459//344
